# Constructed from biom file
#OTU ID	EF1.G	EF1.G.3	EF1.L	EF1.R	EF5	HD1.BB.01	HD1.BB.02	HD1.BB.03	HD1.BB.04	HD1.BB.FFC	HD1.BestMix.01	HD1.BestMix.01.PBSr	HD1.BestMix.02	HD1.BestMix.03	HD1.BestMix.04	HD1.BHI.01	HD1.BHI.01.PBSr	HD1.BHI.02	HD1.BHI.03	HD1.BHI.04	HD1.BHI.FFC	HD1.BT.01	HD1.BT.01.PBSr	HD1.BT.02	HD1.BT.03	HD1.BT.04	HD1.BT.FFC	HD1.Feces	HD1.GAM.01	HD1.GAM.01.PBSr	HD1.GAM.02	HD1.GAM.03	HD1.GAM.04	HD1.GMM.01	HD1.GMM.01.PBSr	HD1.GMM.02	HD1.GMM.03	HD1.GMM.04	HD1.GMM.FFC	HD1.LB.01	HD1.LB.01.PBSr	HD1.LB.02	HD1.LB.03	HD1.LB.04	HD1.LB.FFC	HD1.Liver.01	HD1.Liver.01.PBSr	HD1.Liver.02	HD1.Liver.03	HD1.Liver.04	HD1.M17.01	HD1.M17.01.PSBr	HD1.M17.02	HD1.M17.03	HD1.M17.04	HD1.Meat.01	HD1.Meat.01.PBSr	HD1.Meat.02	HD1.Meat.03	HD1.Meat.04	HD1.Meat.FFC	HD1.MRS.01	HD1.MRS.01.PBSr	HD1.MRS.02	HD1.MRS.03	HD1.MRS.04	HD1.MRS.FFC	HD1.RCM.01	HD1.RCM.02	HD1.RCM.03	HD1.RCM.04	HD1.RCM.FFC	HD1.TB.01	HD1.TB.01.PBSr	HD1.TB.02	HD1.TB.03	HD1.TB.04	HD1.TB.FFC	HD1.TYG.01	HD1.TYG.01.PBSr	HD1.TYG.02	HD1.TYG.03	HD1.TYG.04	HD1.TYG.FFC	Neg	PBSc.GST	SB10403.1	SB10403.2	SB3.3	SB4.2	SB5.15	SB5.15R	SB5.16	SB5.35	SB5.37	YS.B6
Unassigned;__;__;__	0.0	0.0	0.0	0.0	0.00249609984399	0.0	0.0	0.0	0.0	0.0	0.0	0.0	0.0	0.0	0.0	0.0	0.0	0.0	0.0	0.0	0.0	0.0	0.0	0.0	0.0	0.0	0.0	0.0	0.0	0.0	0.0	0.0	0.0	0.0	0.0	0.0	0.0	0.0	0.0	0.0	0.0	0.0	0.0	0.0	0.0	0.0	0.0	0.0	0.0	0.0	0.0	0.0	0.0	0.0	0.0	0.0	0.0	0.0	0.0	0.0	0.0	0.0	0.0	0.0	0.0	0.0	0.0	0.0	0.0	0.0	0.0	0.0	0.0	0.0	0.0	0.0	0.0	0.0	0.0	0.0	0.0	0.0	0.0	0.0	0.0	0.0	0.0	0.0	0.0	0.0	0.000183161924299	0.000170959653522	0.000106434740299	0.0	0.0	0.0
k__Bacteria;__;__;__	0.00187124333724	0.00256777529346	0.00221586493146	0.00166412916475	0.0	0.0	0.0	0.0	0.0	0.0	0.0	0.0	0.0	0.0	0.0	0.0	0.0	0.0	0.0	0.0	0.0	0.0	0.0	0.0	0.0	0.0	0.0	0.0	0.0	0.0	0.0	0.0	0.0	0.0	0.0	0.0	0.0	0.0	0.0	0.0	0.0	0.0	0.0	0.0	0.0	0.0	0.0	0.0	0.0	0.0	0.0	0.0	0.0	0.0	0.0	0.0	0.0	0.0	0.0	0.0	0.0	0.0	0.0	0.0	0.0	0.000272631851579	0.0	0.0	0.0	0.0	0.0	0.0	0.0	0.0	0.0	0.0	0.0	0.0	0.0	0.0	0.0	0.0	0.0	0.0	0.0	0.0	0.00374181478017	0.000877637130802	0.0	0.00363786986511	0.000164845731869	0.000313426031457	4.56148886997e-05	0.00022250815057	0.000103947402614	0.0
k__Bacteria;p__;c__;o__	0.000567043435527	0.000733650083846	0.0004795528583	0.000548808554332	0.318148725949	0.0	0.0	0.0	0.0	0.0	0.0	0.0	0.0	0.0	0.0	0.0	0.0	0.0	0.0	0.0	0.0	0.0	0.0	0.0	0.0	0.0	0.0	0.0	0.0	0.0	0.0	0.0	0.0	0.0	0.0	0.0	0.0	0.0	0.0	0.0	0.0	0.0	0.0	0.0	0.0	0.0	0.0	0.0	0.0	0.0	0.0	0.0	0.0	0.0	0.0	0.0	0.000259602591699	0.0	0.0	0.0	0.0	0.0	0.0	0.0	0.0	0.0	0.0	0.0	0.0	0.0	0.0	0.0	0.0	0.0	0.0	0.0	0.0	0.0	0.0	0.0	0.0	0.0	0.0	0.0	0.0	0.0	3.53001394356e-05	0.0	0.0	0.000108055540548	5.49485772898e-05	4.27399133804e-05	6.08198515996e-05	2.90228022483e-05	3.89802759804e-05	0.0
k__Bacteria;p__Acidobacteria;c__Solibacteres;o__Solibacterales	0.0	0.0	0.0	0.0	0.0	0.0	0.0	0.0	0.0	0.0	0.0	0.0	0.0	0.0	0.0	0.0	0.0	0.0	0.0	0.0	0.0	0.0	0.0	0.0	0.0	0.0	0.0	0.0	0.0	0.0	0.0	0.0	0.0	0.0	0.0	0.0	0.0	0.0	0.0	0.0	0.0	0.0	0.0	0.0	0.0	0.0	0.0	0.0	0.0	0.0	0.0	0.0	0.0	0.0	0.0	0.0	0.0	0.0	0.0	0.0	0.0	0.0	0.0	0.0	0.0	0.0	0.0	0.0	0.0	0.0	0.0	0.0	0.0	0.0	0.0	0.0	0.0	0.0	0.0	0.0	0.0	0.0	0.0	0.0	0.0	0.0	0.0	0.0	0.0	3.60185135159e-05	0.0	0.0	0.0	0.0	0.0	0.0
k__Bacteria;p__Acidobacteria;c__Sva0725;o__Sva0725	0.0	0.0	0.0	0.0	0.0	0.0	0.0	0.0	0.0	0.0	0.0	0.0	0.0	0.0	0.0	0.0	0.0	0.0	0.0	0.0	0.0	0.0	0.0	0.0	0.0	0.0	0.0	0.0	0.0	0.0	0.0	0.0	0.0	0.0	0.0	0.0	0.0	0.0	0.0	0.0	0.0	0.0	0.0	0.0	0.0	0.0	0.0	0.0	0.0	0.0	0.0	0.0	0.0	0.0	0.0	0.0	0.0	0.0	0.0	0.0	0.0	0.0	0.0	0.0	0.0	0.0	0.0	0.0	0.0	0.0	0.0	0.0	0.0	0.0	0.0	0.0	0.0	0.0	0.0	0.0	0.0	0.0	0.0	0.0	0.0	0.0	0.000511852021815	0.000438818565401	0.0	0.000918472094657	0.000329691463739	0.000113973102348	0.000243279406398	0.000193485348322	0.000246875081209	0.0
k__Bacteria;p__Acidobacteria;c__[Chloracidobacteria];o__RB41	0.0	0.0	0.0	0.0	0.0	0.0	0.0	0.0	0.0	0.0	0.0	0.0	0.0	0.0	0.0	0.0	0.0	0.0	0.0	0.0	0.0	0.0	0.0	0.0	0.0	0.0	0.0	0.0	0.0	0.0	0.0	0.0	0.0	0.0	0.0	0.0	0.0	0.0	0.0	0.0	0.0	0.0	0.0	0.0	0.0	0.0	0.0	0.0	0.0	0.0	0.0	0.0	0.0	0.0	0.0	0.0	0.0	0.0	0.0	0.0	0.0	0.0	0.0	0.0	0.0	0.0	0.0	0.0	0.0	0.0	0.0	0.0	0.0	0.0	0.0	0.0	0.0	0.0	0.0	0.0	0.0	0.0	0.0	0.0	0.0	0.0	0.0	0.000168776371308	0.0	0.0	0.0	0.0	0.0	0.0	2.59868506536e-05	0.0
k__Bacteria;p__Actinobacteria;c__Acidimicrobiia;o__Acidimicrobiales	0.0	0.0	0.0	0.0	0.000468018720749	0.0	0.0	0.0	0.0	0.0	0.0	0.0	0.0	0.0	0.0	0.0	0.0	0.0	0.0	0.0	0.0	0.0	0.0	0.0	0.0	0.0	0.0	0.0	0.0	0.0	0.0	0.0	0.0	0.0	0.0	0.0	0.0	0.0	0.0	0.0	0.0	0.0	0.0	0.0	0.0	0.0	0.0	0.0	0.0	0.0	0.0	0.0	0.0	0.0	0.0	0.0	0.0	0.0	0.0	0.0	0.0	0.0	0.0	0.0	0.0	0.0	0.0	0.0	0.0	0.0	0.0	0.0	0.0	0.0	0.0	0.0	0.0	0.0	0.0	0.0	0.0	0.0	0.0	0.0	0.0	0.0	0.0304110701237	0.0103966244726	0.0	0.125110306698	0.00951526196734	0.00672441303852	0.00500243279406	0.00951947913744	0.0119409578753	0.0
k__Bacteria;p__Actinobacteria;c__Actinobacteria;o__Actinomycetales	0.0	0.0	0.0	0.0	0.0	0.00101781170483	0.0	0.0	0.0	0.0	0.0	0.0	0.0	0.0	0.0	0.0	0.0	0.0	0.0	0.0	0.0	0.0	0.0	0.0	0.0	0.0	0.0	0.0	0.0	0.0	0.0	0.0	0.0	0.0	0.0	0.0	0.0	0.0	0.0	0.0	0.0	0.0	0.0	0.0	0.0	0.0	0.0	0.0	0.0	0.0	0.0	0.0	0.0	0.0	0.0	0.0	0.0	0.0	0.0	0.0	0.0	0.0	0.0	0.0	0.0	0.0	0.0	0.0	0.0	0.0	0.0	0.0	0.0	0.000167838996628	0.0	0.0	0.0	0.0	0.0	0.0	0.0	0.0	0.0	0.0	0.015	0.0	0.0	0.000101265822785	0.0	0.000252129594612	0.0	0.0	0.0	0.0	0.0	0.050863847344
k__Bacteria;p__Actinobacteria;c__Actinobacteria;o__Bifidobacteriales	0.0	0.0	0.0	0.0	0.0	0.00839694656489	0.00112431737873	0.0187294654626	0.00489141691761	0.00432646317071	0.0735382998292	0.41740703695	0.0581096974233	0.0583331542874	0.0656345065516	0.0017650952416	0.0305316044085	0.00152756110244	0.00123681338669	0.00125421479792	0.00696483256398	0.0921632653061	0.196598142544	0.104820612273	0.133324058616	0.18915029965	0.137228519394	0.0207618736502	0.0265172202975	0.0314989402909	0.0336172987955	0.012616369687	0.0221726288152	0.078317926477	0.0479549221081	0.0388556149733	0.0337181203387	0.0392700874009	0.0258682565963	0.00111247204774	0.00174630492002	0.00125472283314	0.00128381618227	0.00108633732099	0.0	0.129679088068	0.285359194292	0.127135366747	0.0728425038067	0.0943688904936	0.108946495381	0.221805797715	0.0669710117018	0.0743133757962	0.0889653341592	0.00354571942754	0.0390701900507	0.00553999682031	0.00283222693638	0.00334351820417	0.0152108675234	0.00283534024083	0.360092418511	0.00748167611672	0.0105038544187	0.00989653621233	0.364253880946	0.717586784875	0.831194530177	0.796054790525	0.80502380721	0.127531534071	0.0096640350968	0.0455148842674	0.0141611082606	0.0216104534286	0.0323532926975	0.183851175236	0.0810906704039	0.0347403106857	0.0115232297226	0.011258013306	0.00938821719998	0.0206189748651	0.0	0.0148869296842	0.0	0.000168776371308	0.0225225225225	9.00462837899e-05	0.000137371443224	0.0	0.000486558812796	8.70684067449e-05	0.000129934253268	0.0
k__Bacteria;p__Actinobacteria;c__Coriobacteriia;o__Coriobacteriales	0.0	0.0	0.0	0.0	0.0	0.000636132315522	0.0	1.96738082591e-05	0.00127463633032	0.00597878076354	0.0	0.00516297952459	0.000467764353683	0.00199815224631	0.00304209649734	0.000556845522647	0.00201234057865	0.00037918183394	0.000642657936219	0.000408983086277	0.00935871146081	0.0	0.000695676371352	0.0	0.000301428306437	0.000534029549635	0.0125037375302	0.00561695794995	0.00324434481353	0.00759023188315	0.00821325942079	0.000895151438561	0.00547423695438	0.00022432632002	0.000278422273782	0.00020320855615	0.000243389370838	0.000153527289476	0.00247868237456	0.000101133822521	0.00420125531484	0.000169176112333	0.000603238929019	0.000967105176	0.0	0.000193777223594	0.00283337197022	0.00179004341208	0.0062691194425	0.019269600567	0.0	0.000162948720038	0.000181247663604	0.000366878980892	0.00294228259186	0.000214242865713	0.00152516522623	0.00151646712079	0.00155604562908	0.00179006820777	0.0061278720821	0.0	5.66289895123e-05	0.0	0.0	0.0	0.00026508060107	0.000168667840314	0.000118138724397	0.000109386584343	4.8586143232e-05	0.0113593122402	0.0	0.000259387540243	5.13083632632e-05	5.58409649319e-05	3.58551452133e-05	0.0170691762969	0.00943781156309	0.00108792300853	0.000652595632079	0.000569565796968	0.000288375272354	0.0118035180703	0.0	0.00240550997946	0.0	0.0	0.0	0.0	0.0	0.0	0.0	0.0	0.0	0.00242822760873
k__Bacteria;p__Actinobacteria;c__Rubrobacteria;o__Rubrobacterales	0.0	0.0	0.0	0.0	0.0	0.0	0.0	0.0	0.0	0.0	0.0	0.0	0.0	0.0	0.0	0.0	0.0	0.0	0.0	0.0	0.0	0.0	0.0	0.0	0.0	0.0	0.0	0.0	0.0	0.0	0.0	0.0	0.0	0.0	0.0	0.0	0.0	0.0	0.0	0.0	0.0	0.0	0.0	0.0	0.0	0.0	0.0	0.0	0.0	0.0	0.0	0.0	0.0	0.0	0.0	0.0	0.0	0.0	0.0	0.0	0.0	0.0	0.0	0.0	0.0	0.0	0.0	0.0	0.0	0.0	0.0	0.0	0.0	0.0	0.0	0.0	0.0	0.0	0.0	0.0	0.0	0.0	0.0	0.0	0.0	0.0	0.0	3.37552742616e-05	0.0	0.0	0.0	0.0	0.0	0.0	0.0	0.0
k__Bacteria;p__Actinobacteria;c__Thermoleophilia;o__Gaiellales	0.0	0.0	0.0	0.0	0.0	0.0	0.0	0.0	0.0	0.0	0.0	0.0	0.0	0.0	0.0	0.0	0.0	0.0	0.0	0.0	0.0	0.0	0.0	0.0	0.0	0.0	0.0	0.0	0.0	0.0	0.0	0.0	0.0	0.0	0.0	0.0	0.0	0.0	0.0	0.0	0.0	0.0	0.0	0.0	0.0	0.0	0.0	0.0	0.0	0.0	0.0	0.0	0.0	0.0	0.0	0.0	0.0	0.0	0.0	0.0	0.0	0.0	0.0	0.0	0.0	0.0	0.0	0.0	0.0	0.0	0.0	0.0	0.0	0.0	0.0	0.0	0.0	0.0	0.0	0.0	0.0	0.0	0.0	0.0	0.0	0.0	0.0	8.4388185654e-05	0.0	0.0	0.0	0.0	0.0	0.0	0.0	0.0
k__Bacteria;p__Bacteroidetes;__;__	0.0	0.0	0.0	0.0	0.0	0.0	0.0	0.0	0.0	0.0	0.0	0.0	0.0	0.0	0.0	0.0	0.0	0.0	0.0	0.0	0.0	0.0	0.0	0.0	0.0	0.0	0.0	0.0	0.0	0.0	0.0	0.0	0.0	0.0	0.0	0.0	0.0	0.0	0.0	0.0	0.0	0.0	0.0	0.0	0.0	0.0	0.0	0.0	0.0	0.0	0.0	0.0	0.0	0.0	0.0	0.0	0.0	0.0	0.0	0.0	0.0	0.0	0.0	0.0	0.0	0.0	0.0	0.0	0.0	0.0	0.0	0.0	0.0	0.0	0.0	0.0	0.0	0.0	0.0	0.0	0.0	0.0	0.0	0.0	0.0	0.0	0.0	0.0	0.0	0.000198101824338	0.000100739058365	0.0	0.0	0.000203159615738	0.000207894805229	0.0
k__Bacteria;p__Bacteroidetes;c__BME43;o__	0.0	0.0	0.0	0.0	0.0	0.0	0.0	0.0	0.0	0.0	0.0	0.0	0.0	0.0	0.0	0.0	0.0	0.0	0.0	0.0	0.0	0.0	0.0	0.0	0.0	0.0	0.0	0.0	0.0	0.0	0.0	0.0	0.0	0.0	0.0	0.0	0.0	0.0	0.0	0.0	0.0	0.0	0.0	0.0	0.0	0.0	0.0	0.0	0.0	0.0	0.0	0.0	0.0	0.0	0.0	0.0	0.0	0.0	0.0	0.0	0.0	0.0	0.0	0.0	0.0	0.0	0.0	0.0	0.0	0.0	0.0	0.0	0.0	0.0	0.0	0.0	0.0	0.0	0.0	0.0	0.0	0.0	0.0	0.0	0.0	0.0	0.000458901812662	0.000320675105485	0.0	0.000720370270319	0.000164845731869	0.000185206291315	0.0	0.00017413681349	0.000129934253268	0.0
k__Bacteria;p__Bacteroidetes;c__Bacteroidia;o__Bacteroidales	0.0	0.0	0.0	0.0	0.0	0.0797709923664	0.0236708962416	0.0141651419465	0.266765450982	0.160068266806	0.0441203521219	0.273461402683	0.170025660216	0.174677180242	0.188864907123	0.146481892014	0.211442355105	0.161325619691	0.168412756154	0.150160412255	0.157490130895	0.00176870748299	0.112803923615	0.00148219975066	0.00117093303654	0.00158725449475	0.0716518524559	0.166957042522	0.257485225189	0.277936125119	0.181527299407	0.206811575888	0.204240236298	0.287287240506	0.317441166722	0.205465240642	0.175648893448	0.135268508263	0.153640026414	0.0166196581677	0.196940170075	0.246926633959	0.233561739184	0.243379303949	0.0	0.00368176724828	0.069610797723	0.00321362124373	0.00281218705845	0.00324948850644	0.0021673063651	0.0341703465919	0.00674014749029	0.038349044586	0.0135942304714	0.0772666895192	0.0990383887332	0.319729971016	0.322459671551	0.287943787743	0.20385769592	0.00206524782974	0.00397535506376	0.000387221684414	0.000796429591116	0.000313526629316	0.00195496943289	0.031741179199	0.00955446933562	0.00466716093197	0.00354678845593	0.0437037559016	0.000962264736619	0.0231160072629	0.000940653326492	0.00186508822872	0.0016134815346	0.0906050331004	0.137149851869	0.22659134892	0.151402186642	0.188235436687	0.199267313197	0.14189910899	0.0	0.454993135219	0.000423601673227	0.0	0.0315315315315	0.000252129594612	0.000769280082057	0.000712331889674	0.000577788590196	0.000241856685402	0.000311842207843	0.27380952381
k__Bacteria;p__Bacteroidetes;c__Cytophagia;o__Cytophagales	0.0	0.0	0.0	0.0	0.0	0.0	0.0	0.0	0.0	0.0	0.0	0.0	0.0	0.0	0.0	0.0	0.0	0.0	0.0	0.0	0.0	0.0	0.0	0.0	0.0	0.0	0.0	0.0	0.0	0.0	0.0	0.0	0.0	0.0	0.0	0.0	0.0	0.0	0.0	0.0	0.0	0.0	0.0	0.0	0.0	0.0	0.0	0.0	0.0	0.0	0.0	0.0	0.0	0.0	0.0	0.0	0.0	0.0	0.0	0.0	0.0	0.0	0.0	0.0	0.0	0.0	0.0	0.0	0.0	0.0	0.0	0.0	0.0	0.0	0.0	0.0	0.0	0.0	0.0	0.0	0.0	0.0	0.0	0.0	0.0	0.0	0.000582452300687	0.000472573839662	0.0	0.000558286959497	0.000393798137243	0.000156713015728	0.000258484369298	0.000561107510134	0.000454769886437	0.0
k__Bacteria;p__Bacteroidetes;c__Flavobacteriia;o__Flavobacteriales	5.67043435527e-05	8.73392956959e-05	0.0	0.0	0.00135205408216	0.00089058524173	0.0	0.0	0.0	0.0	0.0	0.0	0.0	0.0	0.0	0.0	0.0	0.0	0.0	0.0	0.0	0.0	0.000695676371352	0.0	0.0	0.0	0.0	0.0	0.0	0.000114845324229	0.0	0.0	2.62553331145e-05	0.0	0.0	0.0	0.0	0.0	0.0	0.0	0.0	0.0	0.0	0.0	0.0	0.0	0.0	0.0	0.0	0.0	0.0	0.0	0.0	0.0	0.0	0.0	0.0	0.0	0.0	2.05754966411e-05	0.0	0.0	0.0	0.0	0.0	0.0	0.0	0.0	0.0	0.0	0.0	0.0	0.0	0.0	0.0	0.0	0.0	0.0	0.0	0.0	2.68189985786e-05	0.0	0.0	0.0	0.105	0.0	0.205958663537	0.127696202532	0.0135135135135	0.133772759198	0.0949786158453	0.0768891041714	0.10827454081	0.110199580137	0.154322912606	0.00870293965962
k__Bacteria;p__Bacteroidetes;c__Sphingobacteriia;o__Sphingobacteriales	0.0	0.0	0.0	0.0	0.0	0.000381679389313	0.0	0.0	0.0	0.0	0.0	0.0	0.0	0.0	0.0	0.0	0.0	0.0	0.0	0.0	0.0	0.0	0.0	0.0	0.0	0.0	0.0	0.0	0.0	0.0	0.0	0.0	0.0	0.0	0.0	0.0	0.0	0.0	0.0	0.0	0.0	0.0	0.0	0.0	0.0	0.0	0.0	0.0	0.0	0.0	0.0	0.0	0.0	0.0	0.0	0.0	0.0	0.0	0.0	0.0	0.0	0.0	0.0	0.0	0.0	0.0	0.0	0.0	0.0	0.0	0.0	0.0	0.0	0.0	0.0	0.0	0.0	0.0	0.0	0.0	0.0	0.0	0.0	0.0	0.0	0.0	0.000388301533791	0.000168776371308	0.0	0.000252129594612	0.000641066735047	0.000341919307044	0.000395329035397	0.00039664496406	0.000428783035784	0.0
k__Bacteria;p__Bacteroidetes;c__[Rhodothermi];o__[Rhodothermales]	0.0	0.0	0.0	0.0	0.0	0.0	0.0	0.0	0.0	0.0	0.0	0.0	0.0	0.0	0.0	0.0	0.0	0.0	0.0	0.0	0.0	0.0	0.0	0.0	0.0	0.0	0.0	0.0	0.0	0.0	0.0	0.0	0.0	0.0	0.0	0.0	0.0	0.0	0.0	0.0	0.0	0.0	0.0	0.0	0.0	0.0	0.0	0.0	0.0	0.0	0.0	0.0	0.0	0.0	0.0	0.0	0.0	0.0	0.0	0.0	0.0	0.0	0.0	0.0	0.0	0.0	0.0	0.0	0.0	0.0	0.0	0.0	0.0	0.0	0.0	0.0	0.0	0.0	0.0	0.0	0.0	0.0	0.0	0.0	0.0	0.0	8.82503485889e-05	6.75105485232e-05	0.0	0.000126064797306	0.0	4.27399133804e-05	0.0	8.70684067449e-05	0.0	0.0
k__Bacteria;p__Bacteroidetes;c__[Saprospirae];o__[Saprospirales]	0.0	0.0	0.0	0.0	0.0	0.0	0.0	0.0	0.0	0.0	0.0	0.0	0.0	0.0	0.0	0.0	0.0	0.0	0.0	0.0	0.0	0.0	0.000243486729973	0.0	0.0	0.0	0.0	0.0	0.0	4.17619360834e-05	0.0	0.0	0.0	0.0	0.0	0.0	0.0	0.0	0.0	0.0	0.0	0.0	0.0	0.0	0.0	0.0	0.0	0.0	0.0	0.0	0.0	0.0	0.0	0.0	0.0	0.0	0.0	0.0	0.0	0.0	0.0	0.0	0.0	0.0	0.0	0.0	0.0	0.0	0.0	0.0	0.0	0.0	0.0	0.0	0.0	0.0	0.0	0.0	0.0	0.0	0.0	0.0	0.0	0.0	0.0	0.0	0.038459501915	0.00899578059072	0.0	0.0532713814901	0.0500215215261	0.0385941417825	0.0272472935166	0.031944431008	0.0320287934305	0.0
k__Bacteria;p__Chlamydiae;c__Chlamydiia;o__Chlamydiales	0.0	0.0	0.0	0.0	0.0	0.0	0.0	0.0	0.0	0.0	0.0	0.0	0.0	0.0	0.0	0.0	0.0	0.0	0.0	0.0	0.0	0.0	0.0	0.0	0.0	0.0	0.0	0.0	0.0	0.0	0.0	0.0	0.0	0.0	0.0	0.0	0.0	0.0	0.0	0.0	0.0	0.0	0.0	0.0	0.0	0.0	0.0	0.0	0.0	0.0	0.0	0.0	0.0	0.0	0.0	0.0	0.0	0.0	0.0	0.0	0.0	0.0	0.0	0.0	0.0	0.0	0.0	0.0	0.0	0.0	0.0	0.0	0.0	0.0	0.0	0.0	0.0	0.0	0.0	0.0	0.0	0.0	0.0	0.0	0.0	0.0	0.000529502091533	0.000236286919831	0.0	0.00646532317611	0.0	0.0	0.0	0.0	0.000285855357189	0.0
k__Bacteria;p__Chloroflexi;c__Anaerolineae;o__Caldilineales	0.0	0.0	0.0	0.0	0.0	0.0	0.0	0.0	0.0	0.0	0.0	0.0	0.0	0.0	0.0	0.0	0.0	0.0	0.0	0.0	0.0	0.0	0.0	0.0	0.0	0.0	0.0	0.0	0.0	0.0	0.0	0.0	0.0	0.0	0.0	0.0	0.0	0.0	0.0	0.0	0.0	0.0	0.0	0.0	0.0	0.0	0.0	0.0	0.0	0.0	0.0	0.0	0.0	0.0	0.0	0.0	0.0	0.0	0.0	0.0	0.0	0.0	0.0	0.0	0.0	0.0	0.0	0.0	0.0	0.0	0.0	0.0	0.0	0.0	0.0	0.0	0.0	0.0	0.0	0.0	0.0	0.0	0.0	0.0	0.0	0.0	0.0	0.0	0.0	0.000504259189223	0.0	0.0	0.0	0.0	0.0	0.0
k__Bacteria;p__Chloroflexi;c__Anaerolineae;o__DRC31	0.0	0.0	0.0	0.0	0.0	0.0	0.0	0.0	0.0	0.0	0.0	0.0	0.0	0.0	0.0	0.0	0.0	0.0	0.0	0.0	0.0	0.0	0.0	0.0	0.0	0.0	0.0	0.0	0.0	0.0	0.0	0.0	0.0	0.0	0.0	0.0	0.0	0.0	0.0	0.0	0.0	0.0	0.0	0.0	0.0	0.0	0.0	0.0	0.0	0.0	0.0	0.0	0.0	0.0	0.0	0.0	0.0	0.0	0.0	0.0	0.0	0.0	0.0	0.0	0.0	0.0	0.0	0.0	0.0	0.0	0.0	0.0	0.0	0.0	0.0	0.0	0.0	0.0	0.0	0.0	0.0	0.0	0.0	0.0	0.0	0.0	0.000123550488024	0.0	0.0	0.000864444324383	0.000183161924299	0.0	0.000258484369298	0.000154788278658	0.000220888230555	0.0
k__Bacteria;p__Cyanobacteria;c__4C0d-2;o__SM2F09	0.0	0.0	0.0	0.0	0.0	0.0	0.0	0.0	0.0	0.0	0.0	0.0	0.0	0.0	0.0	0.0	0.0	0.0	0.0	0.0	0.0	0.0	0.0	0.0	0.0	0.0	0.0	0.0	0.0	0.0	0.0	0.0	0.0	0.0	0.0	0.0	0.0	0.0	0.0	0.0	0.0	0.0	0.0	0.0	0.0	0.0	0.0	0.0	0.0	0.0	0.0	0.0	0.0	0.0	0.0	0.0	0.0	0.0	0.0	0.0	0.0	0.0	0.0	0.0	0.0	0.0	0.0	0.0	0.0	0.0	0.0	0.0	0.0	0.0	0.0	0.0	0.0	0.0	0.0	0.0	0.0	0.0	0.0	0.0	0.0	0.0	8.82503485889e-05	0.0	0.0	0.0	0.0	0.0	0.0	0.0	0.0	0.0
k__Bacteria;p__Cyanobacteria;c__;o__	0.0	0.0	0.0	0.0	0.0	0.0	0.0	0.0	0.0	0.0	0.0	0.0	0.0	0.0	0.0	0.0	0.0	0.0	0.0	0.0	0.0	0.0	0.0	0.0	0.0	0.0	0.0	0.0	0.0	0.0	0.0	0.0	0.0	0.0	0.0	0.0	0.0	0.0	0.0	0.0	0.0	0.0	0.0	0.0	0.0	0.0	0.0	0.0	0.0	0.0	0.0	0.0	0.0	0.0	0.0	0.0	0.0	0.0	0.0	0.0	0.0	0.0	0.0	0.0	0.0	0.0	0.0	0.0	0.0	0.0	0.0	0.0	0.0	0.0	0.0	0.0	0.0	0.0	0.0	0.0	0.0	0.0	0.0	0.0	0.0	0.0	0.00142965564714	0.00432067510549	0.0	0.00574495290579	0.00729900268332	0.00638249373148	0.00244799902688	0.00203159615738	0.00187105324706	0.0
k__Bacteria;p__Cyanobacteria;c__Chloroplast;o__	0.0	0.0	0.0	0.0	0.0	0.0	0.0	0.0	0.0	0.0	0.0	0.0	0.0	0.0	0.0	0.0	0.0	0.0	0.0	0.0	0.0	0.0	0.0	0.0	0.0	0.0	0.0	0.0	0.0	0.0	0.0	0.0	0.0	0.0	0.0	0.0	0.0	0.0	0.0	0.0	0.0	0.0	0.0	0.0	0.0	0.0	0.0	0.0	0.0	0.0	0.0	0.0	0.0	0.0	0.0	0.0	0.0	0.0	0.0	0.0	0.0	0.0	0.0	0.0	0.0	0.0	0.0	0.0	0.0	0.0	0.0	0.0	0.0	0.0	0.0	0.0	0.0	0.0	0.0	0.0	0.0	0.0	0.0	0.0	0.0	0.0	0.0	0.000303797468354	0.0	0.000972499864931	0.00112644583444	0.00104000455892	0.000349714146697	0.000319250824731	0.000207894805229	0.0
k__Bacteria;p__Cyanobacteria;c__Chloroplast;o__Chlorophyta	0.00759838203606	0.0266734209055	0.109668777802	0.171741670502	0.00239209568383	0.000636132315522	0.0	1.96738082591e-05	0.0	0.0	0.0	0.0	0.0	0.0	0.0	0.0	2.6653517598e-05	0.0	4.85024857524e-05	0.0	0.0	0.0	0.00417405822811	0.0	0.0	0.0	0.000815461143277	0.0	4.07581006725e-05	0.000501143233	0.0	0.0	0.000131276665573	0.0	3.97746105403e-05	0.000117647058824	0.0	0.0	0.0	2.24741827825e-05	3.79631504353e-05	0.0	0.0	0.0	0.0	0.0	6.43948175051e-05	0.0	0.0	0.0	6.05392839413e-05	0.000293307696068	0.0	0.0	0.0	0.0	0.0	0.0	2.23891457421e-05	0.000133740728167	0.0	0.0	0.0	2.76586917439e-05	9.01618405037e-05	0.0	0.00048045858944	2.10834800392e-05	4.43020216489e-05	0.0	0.0	0.0	0.0	0.0	0.0	0.0	0.0	0.0	0.0	0.000115068779748	1.78793323857e-05	0.0	0.0	0.0	0.0	0.0	0.51404063046	0.705215189873	0.0	0.0284186071641	0.416528532049	0.517380898108	0.650863641893	0.528379463465	0.548855279229	0.0
k__Bacteria;p__Cyanobacteria;c__Chloroplast;o__Rhodophyta	0.0	0.0	0.0	0.0	0.0	0.0	0.0	0.0	0.0	0.0	0.0	0.0	0.0	0.0	0.0	0.0	0.0	0.0	0.0	0.0	0.0	0.0	0.0	0.0	0.0	0.0	0.0	0.0	0.0	0.0	0.0	0.0	0.0	0.0	0.0	0.0	0.0	0.0	0.0	0.0	0.0	0.0	0.0	0.0	0.0	0.0	0.0	0.0	0.0	0.0	0.0	0.0	0.0	0.0	0.0	0.0	0.0	0.0	0.0	0.0	0.0	0.0	0.0	0.0	0.0	0.0	0.0	0.0	0.0	0.0	0.0	0.0	0.0	0.0	0.0	0.0	0.0	0.0	0.0	0.0	0.0	0.0	0.0	0.0	0.0	0.0	0.00224155885416	0.00546835443038	0.0	0.00027013885137	2.74742886449e-05	0.0	7.60248144995e-05	0.000116091208993	0.000467763311764	0.0
k__Bacteria;p__Cyanobacteria;c__Chloroplast;o__Stramenopiles	0.0	0.0	0.0	0.0	0.0	0.0	0.0	1.96738082591e-05	0.0	0.0	0.0	0.0	0.0	0.0	0.0	0.0	0.0	0.0	0.0	0.0	0.0	0.0	0.000904379282758	0.0	0.0	0.0	0.0	0.0	0.0	0.000156607260313	0.0	0.0	0.0	0.0	0.0	0.0	0.0	0.0	0.0	0.0	0.0	0.0	0.0	0.0	0.0	0.0	0.0	0.0	0.0	0.0	0.0	0.0	0.0	0.0	0.0	0.0	0.0	0.0	0.0	4.11509932821e-05	0.0	0.0	0.0	0.0	0.0	0.0	0.0	0.0	0.0	0.0	0.0	0.0	0.0	0.0	0.0	0.0	0.0	0.0	0.0	0.0	0.0	0.0	0.0	0.0	0.0	0.0	8.82503485889e-05	0.00114767932489	0.0	0.000504259189223	0.111399082359	0.0988289263734	0.0772868264201	0.0231698704616	0.0181388217562	0.0
k__Bacteria;p__Cyanobacteria;c__Chloroplast;o__Streptophyta	0.0	0.0	0.0	0.0	0.0	0.000763358778626	0.0	0.0	0.0	0.0	0.0	0.0	0.0	0.0	0.0	0.0	0.0	0.0	0.0	0.0	0.0	0.0	0.0	0.0	0.0	0.0	0.0	0.0	0.0	0.0	0.0	0.0	0.0	0.0	0.0	0.0	0.0	0.0	0.0	0.0	0.0	0.0	0.0	0.0	0.0	0.0	0.0	0.0	0.0	0.0	0.0	0.0	0.0	0.0	0.0	0.0	0.0	0.0	0.0	0.0	0.0	0.0	0.0	0.0	0.0	0.0	0.0	0.0	0.0	0.0	0.0	0.0	0.0	0.0	0.0	0.0	0.0	0.0	0.0	0.0	0.0	0.0	0.0	0.0	0.0	0.0	0.0	0.0	0.0	0.0	0.0	0.0	0.0	0.0	0.0	0.0
k__Bacteria;p__Cyanobacteria;c__Chloroplast;o__UA01	0.0	0.0	0.0	0.0	0.0	0.0	0.0	0.0	0.0	0.0	0.0	0.0	0.0	0.0	0.0	0.0	0.0	0.0	0.0	0.0	0.0	0.0	0.0	0.0	0.0	0.0	0.0	0.0	0.0	0.0	0.0	0.0	0.0	0.0	0.0	0.0	0.0	0.0	0.0	0.0	0.0	0.0	0.0	0.0	0.0	0.0	0.0	0.0	0.0	0.0	0.0	0.0	0.0	0.0	0.0	0.0	0.0	0.0	0.0	0.0	0.0	0.0	0.0	0.0	0.0	0.0	0.0	0.0	0.0	0.0	0.0	0.0	0.0	0.0	0.0	0.0	0.0	0.0	0.0	0.0	0.0	0.0	0.0	0.0	0.0	0.0	0.000247100976049	0.000691983122363	0.0	0.000252129594612	0.000467062906963	0.000270686118076	0.000167254591899	9.6742674161e-05	0.000116940827941	0.0
k__Bacteria;p__Cyanobacteria;c__Gloeobacterophycideae;o__Gloeobacterales	0.0	0.0	0.0	0.0	0.0	0.0	0.0	0.0	0.0	0.0	0.0	0.0	0.0	0.0	0.0	0.0	0.0	0.0	0.0	0.0	0.0	0.0	0.0	0.0	0.0	0.0	0.0	0.0	0.0	0.0	0.0	0.0	0.0	0.0	0.0	0.0	0.0	0.0	0.0	0.0	0.0	0.0	0.0	0.0	0.0	0.0	0.0	0.0	0.0	0.0	0.0	0.0	0.0	0.0	0.0	0.0	0.0	0.0	0.0	0.0	0.0	0.0	0.0	0.0	0.0	0.0	0.0	0.0	0.0	0.0	0.0	0.0	0.0	0.0	0.0	0.0	0.0	0.0	0.0	0.0	0.0	0.0	0.0	0.0	0.0	0.0	0.000564802230969	0.000793248945148	0.0	0.00289949033803	0.00358081562005	0.00326248005471	0.000897092811094	0.000948078206778	0.000831579220914	0.0
k__Bacteria;p__Cyanobacteria;c__Oscillatoriophycideae;o__Chroococcales	0.0	0.0	0.0	0.0	0.0	0.0	0.0	0.0	0.0	0.0	0.0	0.0	0.0	0.0	0.0	0.0	0.0	0.0	0.0	0.0	0.0	0.0	0.000104351455703	0.0	0.0	0.0	0.0	0.0	0.0	0.0	0.0	0.0	0.0	0.0	0.0	0.0	0.0	0.0	0.0	0.0	0.0	0.0	0.0	0.0	0.0	0.0	0.0	0.0	0.0	0.0	0.0	0.0	0.0	0.0	0.0	0.0	0.0	0.0	0.0	0.0	0.0	0.0	0.0	0.0	0.0	0.0	0.0	0.0	0.0	0.0	0.0	0.0	0.0	0.0	0.0	0.0	0.0	0.0	0.0	0.0	0.0	0.0	0.0	0.0	0.0	0.0	0.002188608645	0.00639662447257	0.0	0.00592504547337	0.00822397040103	0.00745099156599	0.00117078214329	0.00224443004054	0.00240378368546	0.0
k__Bacteria;p__Cyanobacteria;c__Oscillatoriophycideae;o__Oscillatoriales	0.0	0.0	0.0	0.0	0.0	0.0	0.0	0.0	0.0	0.0	0.0	0.0	0.0	0.0	0.0	0.0	0.0	0.0	0.0	0.0	0.0	0.0	0.0	0.0	0.0	0.0	0.0	0.0	0.0	0.0	0.0	0.0	0.0	0.0	0.0	0.0	0.0	0.0	0.0	0.0	0.0	0.0	0.0	0.0	0.0	0.0	0.0	0.0	0.0	0.0	0.0	0.0	0.0	0.0	0.0	0.0	0.0	0.0	0.0	0.0	0.0	0.0	0.0	0.0	0.0	0.0	0.0	0.0	0.0	0.0	0.0	0.0	0.0	0.0	0.0	0.0	0.0	0.0	0.0	0.0	0.0	0.0	0.0	0.0	0.0	0.0	0.00181795718093	0.000489451476793	0.0	0.0	0.0	0.0	0.0	0.0	0.0	0.0
k__Bacteria;p__Cyanobacteria;c__Synechococcophycideae;o__Pseudanabaenales	0.0	0.0	0.0	0.0	0.0	0.0	0.0	0.0	0.0	0.0	0.0	0.0	0.0	0.0	0.0	0.0	0.0	0.0	0.0	0.0	0.0	0.0	6.95676371352e-05	0.0	0.0	0.0	0.0	0.0	0.0	0.0	0.0	0.0	0.0	0.0	0.0	0.0	0.0	0.0	0.0	0.0	0.0	0.0	0.0	0.0	0.0	0.0	0.0	0.0	0.0	0.0	0.0	0.0	0.0	0.0	0.0	0.0	0.0	0.0	0.0	0.0	0.0	0.0	0.0	0.0	0.0	0.0	0.0	0.0	0.0	0.0	0.0	0.0	0.0	0.0	0.0	0.0	0.0	0.0	0.0	0.0	0.0	0.0	0.0	0.0	0.0	0.0	0.000194150766896	0.00102953586498	0.0	0.000756388783835	0.00514685007281	0.00457317073171	0.00209828488018	0.00164462546074	0.00127335568202	0.0
k__Bacteria;p__Cyanobacteria;c__Synechococcophycideae;o__Synechococcales	0.0	0.0	0.0	0.0	0.0	0.0	0.0	0.0	0.0	0.0	0.0	0.0	0.0	0.0	0.0	0.0	0.0	0.0	0.0	0.0	0.0	0.0	0.0	0.0	0.0	0.0	0.0	0.0	0.0	0.0	0.0	0.0	0.0	0.0	0.0	0.0	0.0	0.0	0.0	0.0	0.0	0.0	0.0	0.0	0.0	0.0	0.0	0.0	0.0	0.0	0.0	0.0	0.0	0.0	0.0	0.0	0.0	0.0	0.0	0.0	0.0	0.0	0.0	0.0	0.0	0.0	0.0	0.0	0.0	0.0	0.0	0.0	0.0	0.0	0.0	0.0	0.0	0.0	0.0	0.0	0.0	0.0	0.0	0.0	0.0	0.0	0.0111548440616	0.00737552742616	0.0	0.0275901813532	0.00523843103496	0.00512878960565	0.00156611117869	0.00261205220235	0.00203996777631	0.0
k__Bacteria;p__Fibrobacteres;c__TG3;o__TG3-2	0.0	0.0	0.0	0.0	0.0	0.0	0.0	0.0	0.0	0.0	0.0	0.0	0.0	0.0	0.0	0.0	0.0	0.0	0.0	0.0	0.0	0.0	0.0	0.0	0.0	0.0	0.0	0.0	0.0	0.0	0.0	0.0	0.0	0.0	0.0	0.0	0.0	0.0	0.0	0.0	0.0	0.0	0.0	0.0	0.0	0.0	0.0	0.0	0.0	0.0	0.0	0.0	0.0	0.0	0.0	0.0	0.0	0.0	0.0	0.0	0.0	0.0	0.0	0.0	0.0	0.0	0.0	0.0	0.0	0.0	0.0	0.0	0.0	0.0	0.0	0.0	0.0	0.0	0.0	0.0	0.0	0.0	0.0	0.0	0.0	0.0	0.0	0.0	0.0	0.0	0.0	0.0	0.0	0.0	2.59868506536e-05	0.0
k__Bacteria;p__Firmicutes;c__Bacilli;o__Bacillales	3.78028957018e-05	0.0	0.0	0.0	0.0	0.0	0.0	0.0	0.0	0.0	0.0	0.0	0.0	0.0	0.0	0.0	0.0	0.0	0.0	0.0	0.0	0.0	0.0	0.0	0.0	0.0	0.0	0.0	0.0	0.0	0.0	0.0	0.0	0.0	0.0	0.0	0.0	0.0	0.0	0.0	0.0	0.0	0.0	0.0	0.0	0.0	0.0	0.0	0.0	0.0	0.0	0.0	0.0	0.0	0.0	0.0	0.0	0.0	0.0	0.0	0.0	7.00084010081e-05	0.0	0.0	0.0	0.0	0.0	0.0	0.0	0.0	0.0	0.0	0.0	0.0	0.0	0.0	0.0	0.0	0.0	0.0	0.0	0.0	0.0	0.0	0.08	0.0	0.0	0.0	0.0540540540541	0.0	0.0	0.0	0.0	0.0	0.0	0.0
k__Bacteria;p__Firmicutes;c__Bacilli;o__Gemellales	0.0	0.0	0.0	0.0	0.0	0.0	0.0	0.0	0.0	0.0	0.0	0.0	0.0	0.0	0.0	0.0	0.0	4.3335066736e-05	4.85024857524e-05	4.54425651419e-05	0.0	0.0	0.0	0.0	0.0	0.0	0.000122319171491	0.0	0.0	0.0	0.0	0.0	0.0	0.0	0.0	0.0	0.0	0.0	0.0	0.0	0.0	0.0	0.0	0.0	0.0	0.0	0.0	0.0	0.0	0.0	0.0	0.0	0.0	0.0	0.0	0.0	0.0	0.0	0.0	0.0	0.0	0.0	5.66289895123e-05	0.0	0.0	0.0	0.0	0.0	0.0	0.0	0.0	0.0	0.0	7.62904530127e-05	0.0	0.0	0.0	4.61329089106e-05	3.54804945981e-05	0.0	3.57586647715e-05	0.0	0.0	0.0	0.0	0.0	0.0	0.0	0.0	0.0	0.0	0.0	0.0	0.0	0.0	0.0134519511776
k__Bacteria;p__Firmicutes;c__Bacilli;o__Lactobacillales	0.0	0.0	0.0	0.0	0.0	0.67213740458	0.90371024735	0.350764327451	0.0992623042238	4.34820419167e-05	0.00783077125214	0.0137679453989	0.0079386293168	0.0094321380229	0.0076647235771	0.00218535601341	0.0143395924677	0.00274094297105	0.0027040135807	0.00259931472612	0.00216804126505	0.00379138321995	0.00372186858673	0.00966892921457	0.0182016323502	0.0251883937578	0.00318029845878	9.98167002414e-05	0.00202160179336	0.000354976456709	0.00112091629812	0.000853026664982	0.00287495897604	0.0737005430566	0.230135896586	0.0595614973262	0.0882634168391	0.123830725197	0.0	0.00368576597633	0.00483397448876	0.00174815316077	0.00211907008399	0.0042791092034	0.0	0.00185352126916	0.00088864848157	0.00139538817162	0.00174218417768	0.00201922948342	0.00157402138248	0.00723492316968	0.0030698823023	0.00298598726115	0.0072561555649	0.00243165652584	0.00493244924228	0.00566229255586	0.00545175698821	0.00794214170345	0.00296657732573	0.686794081957	0.421013885428	0.858276863504	0.882443986957	0.921127605338	0.00119286270482	0.0415871643774	0.0432535404699	0.102592462049	0.123684125287	0.0	0.000734632218279	0.00320419902653	0.000991961689755	0.00150770605316	0.00191227441138	0.00039212972574	0.079520658518	0.00257335634709	0.0204450165831	0.0187108423515	0.0191075319349	0.0	0.0	0.000374442591143	8.82503485889e-05	0.0	0.121621621622	3.60185135159e-05	7.32647697197e-05	0.0	0.0	0.000164462546074	5.19737013071e-05	0.128008423586
k__Bacteria;p__Firmicutes;c__Bacilli;o__Turicibacterales	0.0	0.0	0.0	0.0	0.0	0.0	0.000100385480244	0.0	0.0	0.0	0.0	0.0	0.0	0.0	0.0	0.0	0.000653011181151	0.0	0.0	0.0	0.0	0.0	0.0	0.0	0.0	0.0	0.0	0.000780385110978	0.0	5.22024201042e-05	0.0	0.0	0.0	0.0	0.0	0.0	0.0	0.0	0.0	0.0	0.00940220692448	0.0	0.0	0.0	0.0	0.0	0.0	0.0	0.0	0.0	0.0133912896078	0.0103635385944	0.000668350759541	0.000193630573248	0.000309713957038	0.0	0.00104922714145	0.0	0.0	0.0	0.0	3.50042005041e-05	0.0	0.0	0.0	0.0	0.0	0.0	0.0	0.0	0.0	0.0	0.0	0.000228871359038	0.0	0.0	0.0	0.0	0.0	0.0	0.0	0.0	0.0	2.70412785116e-05	0.0	0.000374442591143	0.0	0.0	0.0	0.0	0.0	0.0	0.0	0.0	0.0	0.0
k__Bacteria;p__Firmicutes;c__Clostridia;o__Clostridiales	0.0	0.0	0.0	7.08140070106e-05	0.000260010400416	0.205216284987	0.0475425634436	0.235328257491	0.00184822267897	0.763218540743	0.339955327815	0.106863379619	0.319750347482	0.321638055132	0.341411600755	0.381586274283	0.200607700201	0.403850320679	0.477034072996	0.422215961247	0.693493166153	0.493514739229	0.0765244008487	0.475827676964	0.484012706362	0.399290927431	0.662100084264	0.783552022649	0.383134297942	0.461187500653	0.527849674934	0.577414802645	0.55077125041	0.0314617663828	0.0368843221743	0.246919786096	0.269336416265	0.22988518352	0.576030471524	0.360676922385	0.402168961328	0.197456719111	0.208844410759	0.24303485553	0.15625	0.477408103258	0.0575689668495	0.446622878728	0.493929791349	0.509113277437	0.51481396278	0.0826801805472	0.64293077472	0.612280254777	0.728469349379	0.434934441683	0.334454672306	0.16750846898	0.196509532179	0.239838276596	0.654388014569	0.0112013441613	0.021360454844	0.00323606693403	0.00629630186184	0.00452568873622	0.609486572011	0.0784621709659	0.0543438132227	0.0554954604567	0.0415411524633	0.766457613981	0.0031144267282	0.0291124368697	0.022284932444	0.042606656243	0.0514760368113	0.620256960303	0.284145540989	0.355175479889	0.227282073287	0.266617385087	0.2913765113	0.651721853409	0.0	0.510637573612	0.000247100976049	0.000776371308017	0.211711711712	0.000720370270319	0.000338849559953	0.0	0.000456148886997	0.000241856685402	0.00040279618513	0.104521230875
k__Bacteria;p__Firmicutes;c__Erysipelotrichi;o__Erysipelotrichales	0.0	0.0	0.0	0.0	0.0	0.0030534351145	0.000401541920977	0.000108205945425	0.0	0.00516349247761	0.0	0.00119145681337	0.00379557361274	0.0105493844402	0.0129501538043	0.000987612813751	0.0013859829151	0.00512437164153	0.00327391778829	0.00712539421425	0.0268566111708	3.62811791383e-05	0.0069741556228	0.0	0.0	0.0	0.0207806681345	0.0159253008112	0.00839616873854	0.00686983848571	0.00617522978784	0.0114368760268	0.0183918608467	0.0216194490919	0.076049055353	0.0212085561497	0.0196623841727	0.0242353792672	0.206410121446	6.74225483476e-05	0.0104272119862	2.81960187222e-05	0.000247482637546	0.000688896837699	0.0	8.42509667798e-05	0.00330989361976	0.000126853470147	0.000219487770416	0.00129712092644	0.0	0.000309602568072	0.00260543516431	0.00277197452229	0.0064376258213	4.28485731425e-05	0.00108167746541	0.00278834277049	0.00130976502592	0.00292172052303	0.0273864339221	0.000256697470363	0.000430380320294	9.68054211036e-05	0.0	0.0	0.0162527543531	0.000463836560863	0.000280579470443	0.00036462194781	9.71722864639e-05	0.0451835670495	0.0	9.15485436153e-05	5.13083632632e-05	0.0	0.0	0.0426614075151	0.0350369884156	0.00569067419844	0.0254333503187	0.0137786449181	0.0154227367881	0.0159543543219	0.0	0.0110517298113	0.0	0.0	0.0	3.60185135159e-05	0.0	0.0	0.0	0.0	0.0	0.00356713082345
k__Bacteria;p__Fusobacteria;c__Fusobacteriia;o__Fusobacteriales	0.0	0.0	0.0	0.0	0.0	0.0	0.0	0.0	0.0	0.0	0.0	5.88373734996e-05	0.0	0.0	0.0	0.0	0.0	0.0	0.0	0.0	0.0	0.0	0.0	0.0	0.0	0.0	0.0	0.0	0.0	0.0	0.0	0.0	0.0	0.0	0.0	0.0	0.0	0.0	0.0	0.0	0.0	0.0	0.0	0.0	0.0	0.0	0.0	0.0	0.0	0.0	0.0	0.0	0.0	0.0	0.0	0.0	0.0	0.0	0.0	0.0	0.0	0.0	0.0	0.0	0.0	0.0	0.0	0.0	0.0	0.0	0.0	0.0	0.0	0.000289903721448	0.0	0.0	0.0	0.0	0.0	0.0	0.0	0.0	0.0	0.0	0.0	0.0	0.0	0.0	0.0	0.0	0.00108981344958	0.00116822429907	0.000456148886997	0.00134472317084	0.00131233595801	0.0631124290872
k__Bacteria;p__GN02;c__3BR-5F;o__	0.0	0.0	0.0	0.0	0.0	0.0	0.0	0.0	0.0	0.0	0.0	0.0	0.0	0.0	0.0	0.0	0.0	0.0	0.0	0.0	0.0	0.0	0.0	0.0	0.0	0.0	0.0	0.0	0.0	0.0	0.0	0.0	0.0	0.0	0.0	0.0	0.0	0.0	0.0	0.0	0.0	0.0	0.0	0.0	0.0	0.0	0.0	0.0	0.0	0.0	0.0	0.0	0.0	0.0	0.0	0.0	0.0	0.0	0.0	0.0	0.0	0.0	0.0	0.0	0.0	0.0	0.0	0.0	0.0	0.0	0.0	0.0	0.0	0.0	0.0	0.0	0.0	0.0	0.0	0.0	0.0	0.0	0.0	0.0	0.0	0.0	5.29502091533e-05	0.0	0.0	3.60185135159e-05	0.0	0.0	0.0	0.0	0.0	0.0
k__Bacteria;p__GN02;c__;o__	0.0	0.0	0.0	0.0	0.0	0.0	0.0	0.0	0.0	0.0	0.0	0.0	0.0	0.0	0.0	0.0	0.0	0.0	0.0	0.0	0.0	0.0	0.0	0.0	0.0	0.0	0.0	0.0	0.0	0.0	0.0	0.0	0.0	0.0	0.0	0.0	0.0	0.0	0.0	0.0	0.0	0.0	0.0	0.0	0.0	0.0	0.0	0.0	0.0	0.0	0.0	0.0	0.0	0.0	0.0	0.0	0.0	0.0	0.0	0.0	0.0	0.0	0.0	0.0	0.0	0.0	0.0	0.0	0.0	0.0	0.0	0.0	0.0	0.0	0.0	0.0	0.0	0.0	0.0	0.0	0.0	0.0	0.0	0.0	0.0	0.0	0.000229450906331	0.000236286919831	0.0	0.000522268445981	0.000476221003178	0.000626852062913	0.000547378664396	0.000532084707885	0.000519737013071	0.0
k__Bacteria;p__GN02;c__BD1-5;o__	0.0	0.0	0.0	0.0	0.00208008320333	0.0	0.0	0.0	0.0	0.0	0.0	0.0	0.0	0.0	0.0	0.0	0.0	0.0	0.0	0.0	0.0	0.0	0.0	0.0	0.0	0.0	0.0	0.0	0.0	0.0	0.0	0.0	0.0	0.0	0.0	0.0	0.0	0.0	0.0	0.0	0.0	0.0	0.0	0.0	0.0	0.0	0.0	0.0	0.0	0.0	0.0	0.0	0.0	0.0	0.0	0.0	0.0	0.0	0.0	0.0	0.0	0.0	0.0	0.0	0.0	0.0	0.0	0.0	0.0	0.0	0.0	0.0	0.0	0.0	0.0	0.0	0.0	0.0	0.0	0.0	0.0	0.0	0.0	0.0	0.0	0.0	0.000176500697178	0.0	0.0	0.00221513858123	0.00100739058365	0.000883291543196	0.000319304220898	0.000445016301141	0.000506743587745	0.00116039195462
k__Bacteria;p__GN02;c__GKS2-174;o__	0.0	0.0	0.0	0.0	0.0	0.0	0.0	0.0	0.0	0.0	0.0	0.0	0.0	0.0	0.0	0.0	0.0	0.0	0.0	0.0	0.0	0.0	0.0	0.0	0.0	0.0	0.0	0.0	0.0	0.0	0.0	0.0	0.0	0.0	0.0	0.0	0.0	0.0	0.0	0.0	0.0	0.0	0.0	0.0	0.0	0.0	0.0	0.0	0.0	0.0	0.0	0.0	0.0	0.0	0.0	0.0	0.0	0.0	0.0	0.0	0.0	0.0	0.0	0.0	0.0	0.0	0.0	0.0	0.0	0.0	0.0	0.0	0.0	0.0	0.0	0.0	0.0	0.0	0.0	0.0	0.0	0.0	0.0	0.0	0.0	0.0	0.0	5.06329113924e-05	0.0	0.0	0.0	0.0	0.0	0.0	0.0	0.0
k__Bacteria;p__GN02;c__IIB17;o__	0.0	0.0	0.0	0.0	0.0	0.0	0.0	0.0	0.0	0.0	0.0	0.0	0.0	0.0	0.0	0.0	0.0	0.0	0.0	0.0	0.0	0.0	0.0	0.0	0.0	0.0	0.0	0.0	0.0	0.0	0.0	0.0	0.0	0.0	0.0	0.0	0.0	0.0	0.0	0.0	0.0	0.0	0.0	0.0	0.0	0.0	0.0	0.0	0.0	0.0	0.0	0.0	0.0	0.0	0.0	0.0	0.0	0.0	0.0	0.0	0.0	0.0	0.0	0.0	0.0	0.0	0.0	0.0	0.0	0.0	0.0	0.0	0.0	0.0	0.0	0.0	0.0	0.0	0.0	0.0	0.0	0.0	0.0	0.0	0.0	0.0	0.0	0.0	0.0	0.000108055540548	0.0	0.0	0.0	0.0	0.0	0.0
k__Bacteria;p__Lentisphaerae;c__[Lentisphaeria];o__Lentisphaerales	0.0	0.0	0.0	0.0	0.0	0.0	0.0	0.0	0.0	0.0	0.0	0.0	0.0	0.0	0.0	0.0	0.0	0.0	0.0	0.0	0.0	0.0	0.0	0.0	0.0	0.0	0.0	0.0	0.0	0.0	0.0	0.0	0.0	0.0	0.0	0.0	0.0	0.0	0.0	0.0	0.0	0.0	0.0	0.0	0.0	0.0	0.0	0.0	0.0	0.0	0.0	0.0	0.0	0.0	0.0	0.0	0.0	0.0	0.0	0.0	0.0	0.0	0.0	0.0	0.0	0.0	0.0	0.0	0.0	0.0	0.0	0.0	0.0	0.0	0.0	0.0	0.0	0.0	0.0	0.0	0.0	0.0	0.0	0.0	0.0	0.0	0.0	0.0	0.0	0.0	0.0	2.8493275587e-05	0.0	0.000580456044966	0.0	0.0
k__Bacteria;p__OD1;__;__	0.0	0.0	0.0	0.0	0.0	0.0	0.0	0.0	0.0	0.0	0.0	0.0	0.0	0.0	0.0	0.0	0.0	0.0	0.0	0.0	0.0	0.0	0.0	0.0	0.0	0.0	0.0	0.0	0.0	0.0	0.0	0.0	0.0	0.0	0.0	0.0	0.0	0.0	0.0	0.0	0.0	0.0	0.0	0.0	0.0	0.0	0.0	0.0	0.0	0.0	0.0	0.0	0.0	0.0	0.0	0.0	0.0	0.0	0.0	0.0	0.0	0.0	0.0	0.0	0.0	0.0	0.0	0.0	0.0	0.0	0.0	0.0	0.0	0.0	0.0	0.0	0.0	0.0	0.0	0.0	0.0	0.0	0.0	0.0	0.0	0.0	0.0	0.0	0.0	5.40277702739e-05	0.0	0.0	0.0	0.0	0.0	0.0
k__Bacteria;p__OD1;c__;o__	0.0	0.0	0.0	0.0	0.0	0.0	0.0	0.0	0.0	0.0	0.0	0.0	0.0	0.0	0.0	0.0	0.0	0.0	0.0	0.0	0.0	0.0	0.0	0.0	0.0	0.0	0.0	0.0	0.0	0.0	0.0	0.0	0.0	0.0	0.0	0.0	0.0	0.0	0.0	0.0	0.0	0.0	0.0	0.0	0.0	0.0	0.0	0.0	0.0	0.0	0.0	0.0	0.0	0.0	0.0	0.0	0.0	0.0	0.0	0.0	0.0	0.0	0.0	0.0	0.0	0.0	0.0	0.0	0.0	0.0	0.0	0.0	0.0	0.0	0.0	0.0	0.0	0.0	0.0	0.0	0.0	0.0	0.0	0.0	0.0	0.0	0.00146495578658	0.000101265822785	0.0	0.00378194391917	2.74742886449e-05	0.0	0.0	0.0	0.000155921103921	0.0
k__Bacteria;p__OD1;c__SM2F11;o__	0.0	0.0	0.0	0.0	0.0	0.0	0.0	0.0	0.0	0.0	0.0	0.0	0.0	0.0	0.0	0.0	0.0	0.0	0.0	0.0	0.0	0.0	0.0	0.0	0.0	0.0	0.0	0.0	0.0	0.0	0.0	0.0	0.0	0.0	0.0	0.0	0.0	0.0	0.0	0.0	0.0	0.0	0.0	0.0	0.0	0.0	0.0	0.0	0.0	0.0	0.0	0.0	0.0	0.0	0.0	0.0	0.0	0.0	0.0	0.0	0.0	0.0	0.0	0.0	0.0	0.0	0.0	0.0	0.0	0.0	0.0	0.0	0.0	0.0	0.0	0.0	0.0	0.0	0.0	0.0	0.0	0.0	0.0	0.0	0.0	0.0	0.000847203346453	0.0	0.0	0.00018009256758	0.000119055250794	0.000185206291315	0.0	0.0	0.0	0.0
k__Bacteria;p__OD1;c__ZB2;o__	0.0	0.0	0.0	0.0	0.0	0.0	0.0	0.0	0.0	0.0	0.0	0.0	0.0	0.0	0.0	0.0	0.0	0.0	0.0	0.0	0.0	0.0	0.0	0.0	0.0	0.0	0.0	0.0	0.0	0.0	0.0	0.0	0.0	0.0	0.0	0.0	0.0	0.0	0.0	0.0	0.0	0.0	0.0	0.0	0.0	0.0	0.0	0.0	0.0	0.0	0.0	0.0	0.0	0.0	0.0	0.0	0.0	0.0	0.0	0.0	0.0	0.0	0.0	0.0	0.0	0.0	0.0	0.0	0.0	0.0	0.0	0.0	0.0	0.0	0.0	0.0	0.0	0.0	0.0	0.0	0.0	0.0	0.0	0.0	0.0	0.0	0.0	8.4388185654e-05	0.0	0.000612314729771	0.000366323848598	0.000398905858217	0.000258484369298	0.000415993498892	0.000805592370261	0.0
k__Bacteria;p__Planctomycetes;c__028H05-P-BN-P5;o__	0.0	0.0	0.0	0.0	0.0	0.0	0.0	0.0	0.0	0.0	0.0	0.0	0.0	0.0	0.0	0.0	0.0	0.0	0.0	0.0	0.0	0.0	0.0	0.0	0.0	0.0	0.0	0.0	0.0	0.0	0.0	0.0	0.0	0.0	0.0	0.0	0.0	0.0	0.0	0.0	0.0	0.0	0.0	0.0	0.0	0.0	0.0	0.0	0.0	0.0	0.0	0.0	0.0	0.0	0.0	0.0	0.0	0.0	0.0	0.0	0.0	0.0	0.0	0.0	0.0	0.0	0.0	0.0	0.0	0.0	0.0	0.0	0.0	0.0	0.0	0.0	0.0	0.0	0.0	0.0	0.0	0.0	0.0	0.0	0.0	0.0	0.0	0.0	0.0	7.20370270319e-05	3.66323848598e-05	0.0	0.0	0.0	0.0	0.0
k__Bacteria;p__Planctomycetes;c__;o__	0.0	0.0	0.0	0.0	0.0	0.0	0.0	0.0	0.0	0.0	0.0	0.0	0.0	0.0	0.0	0.0	0.0	0.0	0.0	0.0	0.0	0.0	0.0	0.0	0.0	0.0	0.0	0.0	0.0	0.0	0.0	0.0	0.0	0.0	0.0	0.0	0.0	0.0	0.0	0.0	0.0	0.0	0.0	0.0	0.0	0.0	0.0	0.0	0.0	0.0	0.0	0.0	0.0	0.0	0.0	0.0	0.0	0.0	0.0	0.0	0.0	0.0	0.0	0.0	0.0	0.0	0.0	0.0	0.0	0.0	0.0	0.0	0.0	0.0	0.0	0.0	0.0	0.0	0.0	0.0	0.0	0.0	0.0	0.0	0.0	0.0	0.0	0.0	0.0	0.0	1.83161924299e-05	0.0	0.0	0.0	0.0	0.0
k__Bacteria;p__Planctomycetes;c__C6;o__d113	0.0	0.0	0.0	0.0	0.0	0.0	0.0	0.0	0.0	0.0	0.0	0.0	0.0	0.0	0.0	0.0	0.0	0.0	0.0	0.0	0.0	0.0	0.0	0.0	0.0	0.0	0.0	0.0	0.0	0.0	0.0	0.0	0.0	0.0	0.0	0.0	0.0	0.0	0.0	0.0	0.0	0.0	0.0	0.0	0.0	0.0	0.0	0.0	0.0	0.0	0.0	0.0	0.0	0.0	0.0	0.0	0.0	0.0	0.0	0.0	0.0	0.0	0.0	0.0	0.0	0.0	0.0	0.0	0.0	0.0	0.0	0.0	0.0	0.0	0.0	0.0	0.0	0.0	0.0	0.0	0.0	0.0	0.0	0.0	0.0	0.0	0.000176500697178	0.000101265822785	0.0	0.000162083310822	0.0	0.0	0.0	0.0	0.0	0.0
k__Bacteria;p__Planctomycetes;c__OM190;o__CL500-15	0.0	0.0	0.0	0.0	0.0	0.0	0.0	0.0	0.0	0.0	0.0	0.0	0.0	0.0	0.0	0.0	0.0	0.0	0.0	0.0	0.0	0.0	0.0	0.0	0.0	0.0	0.0	0.0	0.0	0.0	0.0	0.0	0.0	0.0	0.0	0.0	0.0	0.0	0.0	0.0	0.0	0.0	0.0	0.0	0.0	0.0	0.0	0.0	0.0	0.0	0.0	0.0	0.0	0.0	0.0	0.0	0.0	0.0	0.0	0.0	0.0	0.0	0.0	0.0	0.0	0.0	0.0	0.0	0.0	0.0	0.0	0.0	0.0	0.0	0.0	0.0	0.0	0.0	0.0	0.0	0.0	0.0	0.0	0.0	0.0	0.0	0.0	5.06329113924e-05	0.0	0.0	6.41066735047e-05	4.27399133804e-05	3.04099257998e-05	3.86970696644e-05	0.0	0.0
k__Bacteria;p__Planctomycetes;c__OM190;o__agg27	0.0	0.0	0.0	0.0	0.0	0.0	0.0	0.0	0.0	0.0	0.0	0.0	0.0	0.0	0.0	0.0	0.0	0.0	0.0	0.0	0.0	0.0	0.0	0.0	0.0	0.0	0.0	0.0	0.0	0.0	0.0	0.0	0.0	0.0	0.0	0.0	0.0	0.0	0.0	0.0	0.0	0.0	0.0	0.0	0.0	0.0	0.0	0.0	0.0	0.0	0.0	0.0	0.0	0.0	0.0	0.0	0.0	0.0	0.0	0.0	0.0	0.0	0.0	0.0	0.0	0.0	0.0	0.0	0.0	0.0	0.0	0.0	0.0	0.0	0.0	0.0	0.0	0.0	0.0	0.0	0.0	0.0	0.0	0.0	0.0	0.0	0.000458901812662	0.000388185654008	0.0	0.000828425810867	0.000274742886449	0.000398905858217	6.08198515996e-05	0.000212833883154	0.000207894805229	0.0
k__Bacteria;p__Planctomycetes;c__Phycisphaerae;o__Phycisphaerales	0.0	0.0	0.0	0.0	0.0	0.0	0.0	0.0	0.0	0.0	0.0	0.0	0.0	0.0	0.0	0.0	0.0	0.0	0.0	0.0	0.0	0.0	0.0	0.0	0.0	0.0	0.0	0.0	0.0	0.0	0.0	0.0	0.0	0.0	0.0	0.0	0.0	0.0	0.0	0.0	0.0	0.0	0.0	0.0	0.0	0.0	0.0	0.0	0.0	0.0	0.0	0.0	0.0	0.0	0.0	0.0	0.0	0.0	0.0	0.0	0.0	0.0	0.0	0.0	0.0	0.0	0.0	0.0	0.0	0.0	0.0	0.0	0.0	0.0	0.0	0.0	0.0	0.0	0.0	0.0	0.0	0.0	0.0	0.0	0.0	0.0	0.0	0.0	0.0	0.0	2.74742886449e-05	0.0	0.0	3.86970696644e-05	5.19737013071e-05	0.0
k__Bacteria;p__Planctomycetes;c__Phycisphaerae;o__mle1-8	0.0	0.0	0.0	0.0	0.0	0.0	0.0	0.0	0.0	0.0	0.0	0.0	0.0	0.0	0.0	0.0	0.0	0.0	0.0	0.0	0.0	0.0	0.0	0.0	0.0	0.0	0.0	0.0	0.0	0.0	0.0	0.0	0.0	0.0	0.0	0.0	0.0	0.0	0.0	0.0	0.0	0.0	0.0	0.0	0.0	0.0	0.0	0.0	0.0	0.0	0.0	0.0	0.0	0.0	0.0	0.0	0.0	0.0	0.0	0.0	0.0	0.0	0.0	0.0	0.0	0.0	0.0	0.0	0.0	0.0	0.0	0.0	0.0	0.0	0.0	0.0	0.0	0.0	0.0	0.0	0.0	0.0	0.0	0.0	0.0	0.0	0.0	3.37552742616e-05	0.0	0.0	0.0	0.0	0.0	0.0	0.0	0.0
k__Bacteria;p__Planctomycetes;c__Pla3;o__	0.0	0.0	0.0	0.0	0.0	0.0	0.0	0.0	0.0	0.0	0.0	0.0	0.0	0.0	0.0	0.0	0.0	0.0	0.0	0.0	0.0	0.0	0.0	0.0	0.0	0.0	0.0	0.0	0.0	0.0	0.0	0.0	0.0	0.0	0.0	0.0	0.0	0.0	0.0	0.0	0.0	0.0	0.0	0.0	0.0	0.0	0.0	0.0	0.0	0.0	0.0	0.0	0.0	0.0	0.0	0.0	0.0	0.0	0.0	0.0	0.0	0.0	0.0	0.0	0.0	0.0	0.0	0.0	0.0	0.0	0.0	0.0	0.0	0.0	0.0	0.0	0.0	0.0	0.0	0.0	0.0	0.0	0.0	0.0	0.0	0.0	0.0	0.0	0.0	0.0	0.0	0.0	0.0	5.80456044966e-05	3.89802759804e-05	0.0
k__Bacteria;p__Planctomycetes;c__Planctomycetia;o__Pirellulales	0.0	0.0	0.0	0.0	0.000260010400416	0.0	0.0	0.0	0.0	0.0	0.0	0.0	0.0	0.0	0.0	0.0	0.0	0.0	0.0	0.0	0.0	0.0	0.0	0.0	0.0	0.0	0.0	0.0	0.0	0.0	0.0	0.0	0.0	0.0	0.0	0.0	0.0	0.0	0.0	0.0	0.0	0.0	0.0	0.0	0.0	0.0	0.0	0.0	0.0	0.0	0.0	0.0	0.0	0.0	0.0	0.0	0.0	0.0	0.0	0.0	0.0	0.0	0.0	0.0	0.0	0.0	0.0	0.0	0.0	0.0	0.0	0.0	0.0	0.0	0.0	0.0	0.0	0.0	0.0	0.0	0.0	0.0	0.0	0.0	0.0	0.0	0.0357060910391	0.00872573839662	0.0	0.0521007798008	0.00236278882346	0.00162411670846	0.00167254591899	0.00226377857537	0.00307944180245	0.0
k__Bacteria;p__Planctomycetes;c__Planctomycetia;o__Planctomycetales	0.0	0.0	0.0	0.0	0.0	0.0	0.0	0.0	0.0	0.0	0.0	0.0	0.0	0.0	0.0	0.0	0.0	0.0	0.0	0.0	0.0	0.0	0.0	0.0	0.0	0.0	0.0	0.0	0.0	0.0	0.0	0.0	0.0	0.0	0.0	0.0	0.0	0.0	0.0	0.0	0.0	0.0	0.0	0.0	0.0	0.0	0.0	0.0	0.0	0.0	0.0	0.0	0.0	0.0	0.0	0.0	0.0	0.0	0.0	0.0	0.0	0.0	0.0	0.0	0.0	0.0	0.0	0.0	0.0	0.0	0.0	0.0	0.0	0.0	0.0	0.0	0.0	0.0	0.0	0.0	0.0	0.0	0.0	0.0	0.0	0.0	0.0111195439222	0.00293670886076	0.0	0.00340374952726	0.0010989715458	0.000968771369957	0.000395329035397	0.000609478847214	0.00113042800343	0.0
k__Bacteria;p__Proteobacteria;__;__	0.0	0.0	0.0	0.0	0.000520020800832	0.0	0.0	0.0	0.0	0.0	0.0	0.0	0.0	0.0	0.0	0.0	0.0	0.0	0.0	0.0	0.0	0.0	0.0	0.0	0.0	0.0	0.0	0.0	0.0	0.0	0.0	0.0	0.0	0.0	0.0	0.0	0.0	0.0	0.0	0.0	0.0	0.0	0.0	0.0	0.0	0.0	0.0	0.0	0.0	0.0	0.0	0.0	0.0	0.0	0.0	0.0	0.0	0.0	0.0	0.0	0.0	0.0	0.0	0.0	0.0	0.0	0.0	0.0	0.0	0.0	0.0	0.0	0.0	0.0	0.0	0.0	0.0	0.0	0.0	0.0	0.0	0.0	0.0	0.0	0.0	0.0	0.00047655188238	0.0168438818565	0.0	7.20370270319e-05	0.0	5.69865511739e-05	4.56148886997e-05	0.00022250815057	0.000636677841012	0.0
k__Bacteria;p__Proteobacteria;c__Alphaproteobacteria;__	0.0021169621593	0.0073539686976	0.00251351842971	0.00155790815423	0.000208008320333	0.0	0.0	0.0	0.0	0.0	0.0	0.0	0.0	0.0	0.0	0.0	0.0	0.0	0.0	0.0	0.0	0.0	0.000573933006365	0.0	0.0	0.0	0.0	0.0	0.0	0.0	0.0	0.0	0.0	0.0	0.0	0.0	0.0	0.0	0.0	0.0	0.0	0.0	0.0	0.0	0.0	0.0	0.0	0.0	0.0	0.0	0.0	0.0	0.0	0.0	0.0	0.0	0.0	0.0	0.0	0.0	0.0	0.0	0.0	0.0	0.0	0.0	0.0	0.0	0.0	0.0	0.0	0.0	0.0	0.0	0.0	0.0	0.0	0.0	0.0	4.18431926356e-05	0.0	0.0	0.0	0.0	0.0	0.0	0.0131140018003	0.00470886075949	0.0	0.0251409224341	0.0100830639327	0.00950250740825	0.00582350079066	0.0142114988343	0.0150983602297	0.0
k__Bacteria;p__Proteobacteria;c__Alphaproteobacteria;o__	0.0	0.0	0.0	0.0	0.0	0.0	0.0	0.0	0.0	0.0	0.0	0.0	0.0	0.0	0.0	0.0	0.0	0.0	0.0	0.0	0.0	0.0	5.21757278514e-05	0.0	0.0	0.0	0.0	0.0	0.0	0.0	0.0	0.0	0.0	0.0	0.0	0.0	0.0	0.0	0.0	0.0	0.0	0.0	0.0	0.0	0.0	0.0	0.0	0.0	0.0	0.0	0.0	0.0	0.0	0.0	0.0	0.0	0.0	0.0	0.0	0.0	0.0	0.0	0.0	0.0	0.0	0.0	0.0	0.0	0.0	0.0	0.0	0.0	0.0	0.0	0.0	0.0	0.0	0.0	0.0	0.0	0.0	0.0	0.0	0.0	0.045	0.0	0.00197680780839	0.00150210970464	0.0	0.0116699983792	0.0025093183629	0.00146740369273	0.000957912662693	0.00136407170567	0.00183207297108	0.0
k__Bacteria;p__Proteobacteria;c__Alphaproteobacteria;o__BD7-3	0.0	0.0	0.0	0.0	0.0	0.0	0.0	0.0	0.0	0.0	0.0	0.0	0.0	0.0	0.0	0.0	0.0	0.0	0.0	0.0	0.0	0.0	0.0	0.0	0.0	0.0	0.0	0.0	0.0	0.0	0.0	0.0	0.0	0.0	0.0	0.0	0.0	0.0	0.0	0.0	0.0	0.0	0.0	0.0	0.0	0.0	0.0	0.0	0.0	0.0	0.0	0.0	0.0	0.0	0.0	0.0	0.0	0.0	0.0	0.0	0.0	0.0	0.0	0.0	0.0	0.0	0.0	0.0	0.0	0.0	0.0	0.0	0.0	0.0	0.0	0.0	0.0	0.0	0.0	0.0	0.0	0.0	0.0	0.0	0.0	0.0	0.000653052579558	0.00042194092827	0.0	0.00131467574333	0.00303132984715	0.00199452929109	0.00100352755139	0.00101579807869	0.0011174345781	0.0
k__Bacteria;p__Proteobacteria;c__Alphaproteobacteria;o__Caulobacterales	7.56057914036e-05	0.0	0.0	0.0	0.000208008320333	0.0	0.0	0.0	0.0	0.0	0.0	0.0	0.0	0.0	0.0	0.0	0.0	0.0	0.0	0.0	0.0	0.0	0.0	0.0	0.0	0.0	0.0	0.0	0.0	0.0	0.0	0.0	0.0	0.0	0.0	0.0	0.0	0.0	0.0	0.0	0.0	0.0	0.0	0.0	0.0	0.0	0.0	0.0	0.0	0.0	0.0	0.0	0.0	0.0	0.0	0.0	0.0	0.0	0.0	0.0	0.0	0.0	0.0	0.0	0.0	0.0	0.0	0.0	0.0	0.0	0.0	0.0	0.0	0.0	0.0	0.0	0.0	0.0	0.0	0.0	0.0	0.0	0.0	0.0	0.085	0.0	0.0	0.0	0.0225225225225	0.000162083310822	0.00101654867986	0.000968771369957	0.000380124072497	0.00116091208993	0.00114342142876	0.000128932439402
k__Bacteria;p__Proteobacteria;c__Alphaproteobacteria;o__Kiloniellales	0.0	0.0	0.0	0.0	0.0	0.0	0.0	0.0	0.0	0.0	0.0	0.0	0.0	0.0	0.0	0.0	0.0	0.0	0.0	0.0	0.0	0.0	0.0	0.0	0.0	0.0	0.0	0.0	0.0	0.0	0.0	0.0	0.0	0.0	0.0	0.0	0.0	0.0	0.0	0.0	0.0	0.0	0.0	0.0	0.0	0.0	0.0	0.0	0.0	0.0	0.0	0.0	0.0	0.0	0.0	0.0	0.0	0.0	0.0	0.0	0.0	0.0	0.0	0.0	0.0	0.0	0.0	0.0	0.0	0.0	0.0	0.0	0.0	0.0	0.0	0.0	0.0	0.0	0.0	0.0	0.0	0.0	0.0	0.0	0.0	0.0	0.00308876220061	0.00297046413502	0.0	0.0204405064203	0.00165761541491	0.00178082972419	0.000471353849897	0.00106416941577	0.00102648060082	0.0
k__Bacteria;p__Proteobacteria;c__Alphaproteobacteria;o__Kordiimonadales	0.0	0.0	0.0	0.0	0.0	0.0	0.0	0.0	0.0	0.0	0.0	0.0	0.0	0.0	0.0	0.0	0.0	0.0	0.0	0.0	0.0	0.0	0.0	0.0	0.0	0.0	0.0	0.0	0.0	0.0	0.0	0.0	0.0	0.0	0.0	0.0	0.0	0.0	0.0	0.0	0.0	0.0	0.0	0.0	0.0	0.0	0.0	0.0	0.0	0.0	0.0	0.0	0.0	0.0	0.0	0.0	0.0	0.0	0.0	0.0	0.0	0.0	0.0	0.0	0.0	0.0	0.0	0.0	0.0	0.0	0.0	0.0	0.0	0.0	0.0	0.0	0.0	0.0	0.0	0.0	0.0	0.0	0.0	0.0	0.0	0.0	0.0	0.0	0.0	0.0	4.57904810748e-05	0.0	0.0	3.86970696644e-05	0.0	0.0
k__Bacteria;p__Proteobacteria;c__Alphaproteobacteria;o__Rhizobiales	0.0	0.0	0.0	0.0	0.00192407696308	0.0	0.0	0.0	0.0	0.0	0.0	0.0	0.0	0.0	0.0	0.0	0.0	0.0	0.0	0.0	0.0	0.0	0.0	0.0	0.0	0.0	0.0	0.0	0.0	0.0	0.0	0.0	0.0	0.0	0.0	0.0	0.0	0.0	0.0	0.0	0.0	0.0	0.0	0.0	0.0	0.0	0.0	0.0	0.0	0.0	0.0	0.0	0.0	0.0	0.0	0.0	0.0	0.0	0.0	0.0	0.0	0.0	0.0	0.0	0.0	0.0	0.0	0.0	0.0	0.0	0.0	0.0	0.0	0.0	0.0	0.0	0.0	0.0	0.0	0.0	0.0	0.0	0.0	0.0	0.035	0.0	0.00668937642304	0.00685232067511	0.0	0.00774398040593	0.00325112415631	0.00260713471621	0.00197664517699	0.00272814341134	0.00382006704607	0.0
k__Bacteria;p__Proteobacteria;c__Alphaproteobacteria;o__Rhodobacterales	0.0	0.0	0.0	0.0	0.000104004160166	0.0	0.0	0.0	0.0	0.0	0.0	0.0	0.0	0.0	0.0	0.0	0.0	0.0	0.0	0.0	0.0	0.0	0.00013913527427	0.0	0.0	0.0	0.0	0.0	0.0	0.0	0.0	0.0	0.0	0.0	0.0	0.0	0.0	0.0	0.0	0.0	0.0	0.0	0.0	0.0	0.0	0.0	0.0	0.0	0.0	0.0	0.0	0.0	0.0	0.0	0.0	0.0	0.0	0.0	0.0	0.0	0.0	0.0	0.0	0.0	0.0	0.0	0.0	0.0	0.0	0.0	0.0	0.0	0.0	0.0	0.0	0.0	0.0	0.0	0.0	0.0	0.0	0.0	0.0	0.0	0.0	0.0	0.0510793017632	0.0340084388186	0.0	0.117204242981	0.0663137746925	0.0532111921587	0.0341959615619	0.0529956369054	0.0525713988722	0.0
k__Bacteria;p__Proteobacteria;c__Alphaproteobacteria;o__Rhodospirillales	0.0	0.0	0.0	0.0	0.000104004160166	0.000763358778626	0.0	0.0	0.0	0.0	0.0	0.0	0.0	0.0	0.0	0.0	0.0	0.0	0.0	0.0	0.0	0.0	0.0	0.0	0.0	0.0	0.0	0.0	0.0	0.0	0.0	0.0	0.0	0.0	0.0	0.0	0.0	0.0	0.0	0.0	0.0	0.0	0.0	0.0	0.0	0.0	0.0	0.0	0.0	0.0	0.0	0.0	0.0	0.0	0.0	0.0	0.0	0.0	0.0	0.0	0.0	0.0	0.0	0.0	0.0	0.0	0.0	0.0	0.0	0.0	0.0	0.0	0.0	0.0	0.0	0.0	0.0	0.0	0.0	0.0	0.0	0.0	0.0	0.0	0.0	0.0	0.00580687293715	0.00229535864979	0.0	0.000558286959497	0.000183161924299	0.0	0.000152049628999	3.86970696644e-05	0.000220888230555	0.0
k__Bacteria;p__Proteobacteria;c__Alphaproteobacteria;o__Rickettsiales	0.0	0.0	0.0	0.0	0.0	0.0	0.0	0.0	0.0	0.0	0.0	0.0	0.0	0.0	0.0	0.0	0.0	0.0	0.0	0.0	0.0	0.0	0.0	0.0	0.0	0.0	0.0	0.0	0.0	0.0	0.0	0.0	0.0	0.0	0.0	0.0	0.0	0.0	0.0	0.0	0.0	0.0	0.0	0.0	0.0	0.0	0.0	0.0	0.0	0.0	0.0	0.0	0.0	0.0	0.0	0.0	0.0	0.0	0.0	0.0	0.0	0.0	0.0	0.0	0.0	0.0	0.0	0.0	0.0	0.0	0.0	0.0	0.0	0.0	0.0	0.0	0.0	0.0	0.0	0.0	0.0	0.0	0.0	0.0	0.0	0.0	0.00199445787811	0.000860759493671	0.0	0.000666342500045	0.00436841189454	0.00364713927513	0.00547378664396	0.0146565151354	0.0141758270315	0.0
k__Bacteria;p__Proteobacteria;c__Alphaproteobacteria;o__Sphingomonadales	0.0	0.0	0.0	0.0	0.0	0.0	0.0	0.0	0.0	0.0	0.0	0.0	0.0	0.0	0.0	0.0	0.0	0.0	0.0	0.0	0.0	0.0	0.0	0.0	0.0	0.0	0.0	0.0	0.0	0.0	0.0	0.0	0.0	0.0	0.0	0.0	0.0	0.0	0.0	0.0	0.0	0.0	0.0	0.0	0.0	0.0	0.0	0.0	0.0	0.0	0.0	0.0	0.0	0.0	0.0	0.0	0.0	0.0	0.0	0.0	0.0	0.0	0.0	0.0	0.0	0.0	0.0	0.0	0.0	0.0	0.0	0.0	0.0	0.0	0.0	0.0	0.0	0.0	0.0	0.0	0.0	0.0	0.0	0.0	0.0	0.0	0.00164145648375	0.0017552742616	0.0	0.00250328668936	0.0117773117324	0.00964497378619	0.00448546405547	0.00683970706318	0.00725033133235	0.0
k__Bacteria;p__Proteobacteria;c__Betaproteobacteria;o__Burkholderiales	3.78028957018e-05	0.0	0.0	0.0	0.000364014560582	0.00496183206107	0.000481850305172	8.85321371658e-05	0.0	0.0597117140621	0.000183944291158	0.0182690044716	0.000708328878435	0.0133962142535	0.0138508862868	0.012029964593	0.0139397897037	0.0252643439071	0.0239238510974	0.0381263121541	0.000894317021834	0.00142403628118	0.00500886987373	0.00177309876714	0.00185494342423	0.00154275203228	0.00320748049689	0.00454619698372	0.00893417566741	0.0391935770142	0.0370309984307	0.0369328952357	0.038516573679	0.010562030901	0.0178057673185	0.0157860962567	0.0208097912067	0.0173376174758	0.0104506608225	0.000471957838433	0.0025814942296	0.0180172559635	0.0245471841116	0.026231071897	0.0	0.000842509667798	0.00328413569276	0.00105711225123	0.00117974676598	0.000869204744521	0.000121078567883	0.000211833336049	5.66398948764e-05	0.000173248407643	0.00304183350663	0.00287085440055	0.00232560655064	0.0362239968692	0.0321732024315	0.0376531588531	0.00562389755572	0.000128348735182	0.000294470745464	0.0	0.00016529670759	6.81579628948e-05	0.000430755976739	0.0131033828444	0.00524240589512	0.007827217813	0.00589511871214	0.00369248115002	0.000848448477449	0.000762904530127	0.000684111510176	0.00169756533393	0.00138639894825	0.00559361520541	0.00269651758946	0.000732255871123	0.0091452785153	0.0122759606878	0.0149314307686	0.00308270575033	0.145	0.00231473601797	0.000388301533791	0.000236286919831	0.0810810810811	0.00205305527041	0.000146529539439	8.54798267609e-05	9.12297773993e-05	0.000212833883154	7.79605519607e-05	0.012291559223
k__Bacteria;p__Proteobacteria;c__Betaproteobacteria;o__Neisseriales	0.0	0.0	0.0	0.0	0.0	0.0	0.0	0.0	0.0	0.0	0.0	0.000147093433749	0.0	0.0	0.0	0.0	0.0	0.0	0.0	0.0	0.0	0.0	0.0	0.0	0.0	0.0	0.0	0.0	0.0	0.0	0.0	0.0	0.0	0.0	0.0	0.0	0.0	0.0	0.0	0.0	0.0	0.0	0.0	0.0	0.0	0.0	0.0	0.0	0.0	0.0	0.0	0.0	0.0	0.0	0.0	0.0	0.0	0.0	0.0	0.0	0.0	0.0	0.0	0.0	0.0	0.0	0.0	0.0	0.0	0.0	0.0	0.0	0.0	0.000579807442897	0.0	0.0	0.0	0.0	0.0	0.0	0.0	0.0	0.0	0.0	0.0	0.0	0.0	0.0	0.0	0.0	0.0	0.0	0.0	0.0	0.0	0.179538421867
k__Bacteria;p__Proteobacteria;c__Betaproteobacteria;o__Rhodocyclales	0.0	0.0	0.0	0.0	0.0	0.0	0.0	0.0	0.0	0.0	0.0	0.0	0.0	0.0	0.0	0.0	0.0	0.0	0.0	0.0	0.0	0.0	0.0	0.0	0.0	0.0	0.0	0.0	0.0	0.0	0.0	0.0	0.0	0.0	0.0	0.0	0.0	0.0	0.0	0.0	0.0	0.0	0.0	0.0	0.0	0.0	0.0	0.0	0.0	0.0	0.0	0.0	0.0	0.0	0.0	0.0	0.0	0.0	0.0	0.0	0.0	0.0	0.0	0.0	0.0	0.0	0.0	0.0	0.0	0.0	0.0	0.0	0.0	0.0	0.0	0.0	0.0	0.0	0.0	0.0	0.0	0.0	0.0	0.0	0.0	0.0	0.0	0.0	0.0	0.0	0.0	0.0	0.0	2.90228022483e-05	0.0	0.0
k__Bacteria;p__Proteobacteria;c__Deltaproteobacteria;__	0.0	0.0	0.0	0.0	0.0	0.0	0.0	0.0	0.0	0.0	0.0	0.0	0.0	0.0	0.0	0.0	0.0	0.0	0.0	0.0	0.0	0.0	0.0	0.0	0.0	0.0	0.0	0.0	0.0	0.0	0.0	0.0	0.0	0.0	0.0	0.0	0.0	0.0	0.0	0.0	0.0	0.0	0.0	0.0	0.0	0.0	0.0	0.0	0.0	0.0	0.0	0.0	0.0	0.0	0.0	0.0	0.0	0.0	0.0	0.0	0.0	0.0	0.0	0.0	0.0	0.0	0.0	0.0	0.0	0.0	0.0	0.0	0.0	0.0	0.0	0.0	0.0	0.0	0.0	0.0	0.0	0.0	0.0	0.0	0.0	0.0	3.53001394356e-05	0.0	0.0	5.40277702739e-05	0.000448746714533	0.000341919307044	0.000364919109597	0.00017413681349	0.000155921103921	0.0
k__Bacteria;p__Proteobacteria;c__Deltaproteobacteria;o__	0.0	0.0	0.0	0.0	0.000208008320333	0.0	0.0	0.0	0.0	0.0	0.0	0.0	0.0	0.0	0.0	0.0	0.0	0.0	0.0	0.0	0.0	0.0	0.0	0.0	0.0	0.0	0.0	0.0	0.0	0.0	0.0	0.0	0.0	0.0	0.0	0.0	0.0	0.0	0.0	0.0	0.0	0.0	0.0	0.0	0.0	0.0	0.0	0.0	0.0	0.0	0.0	0.0	0.0	0.0	0.0	0.0	0.0	0.0	0.0	0.0	0.0	0.0	0.0	0.0	0.0	0.0	0.0	0.0	0.0	0.0	0.0	0.0	0.0	0.0	0.0	0.0	0.0	0.0	0.0	0.0	0.0	0.0	0.0	0.0	0.0	0.0	0.00015885062746	0.0	0.0	0.0	4.57904810748e-05	0.0	0.0	6.77198719127e-05	0.000168914529248	0.0
k__Bacteria;p__Proteobacteria;c__Deltaproteobacteria;o__Bdellovibrionales	0.0	0.0	0.0	0.0	0.0	0.0	0.0	0.0	0.0	0.0	0.0	0.0	0.0	0.0	0.0	0.0	0.0	0.0	0.0	0.0	0.0	0.0	0.0	0.0	0.0	0.0	0.0	0.0	0.0	0.0	0.0	0.0	0.0	0.0	0.0	0.0	0.0	0.0	0.0	0.0	0.0	0.0	0.0	0.0	0.0	0.0	0.0	0.0	0.0	0.0	0.0	0.0	0.0	0.0	0.0	0.0	0.0	0.0	0.0	0.0	0.0	0.0	0.0	0.0	0.0	0.0	0.0	0.0	0.0	0.0	0.0	0.0	0.0	0.0	0.0	0.0	0.0	0.0	0.0	0.0	0.0	0.0	0.0	0.0	0.0	0.0	0.00411246624424	0.00264978902954	0.0	0.0106254614872	0.00162098303005	0.00143891041714	0.00145967643839	0.000783615660704	0.000961513474182	0.0
k__Bacteria;p__Proteobacteria;c__Deltaproteobacteria;o__Desulfobacterales	0.0	0.0	0.0	0.0	0.0	0.0	0.0	0.0	0.0	0.0	0.0	0.0	0.0	0.0	0.0	0.0	0.0	0.0	0.0	0.0	0.0	0.0	0.0	0.0	0.0	0.0	0.0	0.0	0.0	0.0	0.0	0.0	0.0	0.0	0.0	0.0	0.0	0.0	0.0	0.0	0.0	0.0	0.0	0.0	0.0	0.0	0.0	0.0	0.0	0.0	0.0	0.0	0.0	0.0	0.0	0.0	0.0	0.0	0.0	0.0	0.0	0.0	0.0	0.0	0.0	0.0	0.0	0.0	0.0	0.0	0.0	0.0	0.0	0.0	0.0	0.0	0.0	0.0	0.0	0.0	0.0	0.0	0.0	0.0	0.0	0.0	0.0	0.0	0.0	0.0	0.0	7.12331889674e-05	0.0	0.0	5.19737013071e-05	0.0
k__Bacteria;p__Proteobacteria;c__Deltaproteobacteria;o__Desulfovibrionales	0.0	0.0	0.0	0.0	0.0	0.000508905852417	0.000100385480244	0.0	0.0	0.000315244803896	0.0	4.41280301247e-05	0.0	0.0	0.0	0.0	5.3307035196e-05	0.000390015600624	0.000739662907724	0.00103609048524	0.000189703610692	0.0	0.0	0.0	0.0	0.0	0.0	0.000617048692401	1.6303240269e-05	0.0	0.0	7.37183537638e-05	0.000157531998687	0.0	0.000251905866755	0.000866310160428	0.00172111055093	0.00161203653949	0.000325386875425	0.0	6.32719173922e-05	0.000112784074889	7.73383242332e-05	0.000145728177205	0.0	0.0	3.86368905031e-05	0.0	0.0	0.0	0.0	3.25897440076e-05	0.0	0.0	0.0	0.0	0.0	0.0	0.0	0.0	9.16317320688e-05	0.0	0.0	0.0	0.0	0.0	0.0	0.0	0.0	0.0	0.0	5.63737580156e-05	0.0	0.0	0.0	0.0	0.0	0.000149931953959	2.66103709486e-05	0.000135990376066	0.000393345312486	0.000339315793938	0.000555389413423	0.000446181095442	0.0	0.000374442591143	0.0	0.0	0.0	0.0	0.0	0.0	0.0	0.0	0.0	0.0
k__Bacteria;p__Proteobacteria;c__Deltaproteobacteria;o__GMD14H09	0.0	0.0	0.0	0.0	0.0	0.0	0.0	0.0	0.0	0.0	0.0	0.0	0.0	0.0	0.0	0.0	0.0	0.0	0.0	0.0	0.0	0.0	0.0	0.0	0.0	0.0	0.0	0.0	0.0	0.0	0.0	0.0	0.0	0.0	0.0	0.0	0.0	0.0	0.0	0.0	0.0	0.0	0.0	0.0	0.0	0.0	0.0	0.0	0.0	0.0	0.0	0.0	0.0	0.0	0.0	0.0	0.0	0.0	0.0	0.0	0.0	0.0	0.0	0.0	0.0	0.0	0.0	0.0	0.0	0.0	0.0	0.0	0.0	0.0	0.0	0.0	0.0	0.0	0.0	0.0	0.0	0.0	0.0	0.0	0.0	0.0	0.0	0.0	0.0	0.0	0.000146529539439	7.12331889674e-05	0.0	5.80456044966e-05	0.0	0.0
k__Bacteria;p__Proteobacteria;c__Deltaproteobacteria;o__Myxococcales	0.0	0.0	0.0	0.0	0.0	0.0	0.0	0.0	0.0	0.0	0.0	0.0	0.0	0.0	0.0	0.0	0.0	0.0	0.0	0.0	0.0	0.0	0.0	0.0	0.0	0.0	0.0	0.0	0.0	0.0	0.0	0.0	0.0	0.0	0.0	0.0	0.0	0.0	0.0	0.0	0.0	0.0	0.0	0.0	0.0	0.0	0.0	0.0	0.0	0.0	0.0	0.0	0.0	0.0	0.0	0.0	0.0	0.0	0.0	0.0	0.0	0.0	0.0	0.0	0.0	0.0	0.0	0.0	0.0	0.0	0.0	0.0	0.0	0.0	0.0	0.0	0.0	0.0	0.0	0.0	0.0	0.0	0.0	0.0	0.0	0.0	0.000529502091533	0.000742616033755	0.0	0.000396203648675	0.000860861044206	0.000356165944837	0.000197664517699	0.000415993498892	0.000142927678595	0.0
k__Bacteria;p__Proteobacteria;c__Deltaproteobacteria;o__NB1-j	0.0	0.0	0.0	0.0	0.0	0.0	0.0	0.0	0.0	0.0	0.0	0.0	0.0	0.0	0.0	0.0	0.0	0.0	0.0	0.0	0.0	0.0	0.0	0.0	0.0	0.0	0.0	0.0	0.0	0.0	0.0	0.0	0.0	0.0	0.0	0.0	0.0	0.0	0.0	0.0	0.0	0.0	0.0	0.0	0.0	0.0	0.0	0.0	0.0	0.0	0.0	0.0	0.0	0.0	0.0	0.0	0.0	0.0	0.0	0.0	0.0	0.0	0.0	0.0	0.0	0.0	0.0	0.0	0.0	0.0	0.0	0.0	0.0	0.0	0.0	0.0	0.0	0.0	0.0	0.0	0.0	0.0	0.0	0.0	0.0	0.0	0.000176500697178	0.0	0.0	0.000198101824338	0.0	0.0	0.0	0.0	3.89802759804e-05	0.0
k__Bacteria;p__Proteobacteria;c__Deltaproteobacteria;o__PB19	0.0	0.0	0.0	0.0	0.0	0.0	0.0	0.0	0.0	0.0	0.0	0.0	0.0	0.0	0.0	0.0	0.0	0.0	0.0	0.0	0.0	0.0	0.0	0.0	0.0	0.0	0.0	0.0	0.0	0.0	0.0	0.0	0.0	0.0	0.0	0.0	0.0	0.0	0.0	0.0	0.0	0.0	0.0	0.0	0.0	0.0	0.0	0.0	0.0	0.0	0.0	0.0	0.0	0.0	0.0	0.0	0.0	0.0	0.0	0.0	0.0	0.0	0.0	0.0	0.0	0.0	0.0	0.0	0.0	0.0	0.0	0.0	0.0	0.0	0.0	0.0	0.0	0.0	0.0	0.0	0.0	0.0	0.0	0.0	0.0	0.0	0.0	0.0	0.0	0.0	0.000421272425888	0.000113973102348	0.000228074443498	0.000116091208993	0.0	0.0
k__Bacteria;p__Proteobacteria;c__Deltaproteobacteria;o__Spirobacillales	0.0	0.0	0.0	0.0	0.0	0.0	0.0	0.0	0.0	0.0	0.0	0.0	0.0	0.0	0.0	0.0	0.0	0.0	0.0	0.0	0.0	0.0	0.0	0.0	0.0	0.0	0.0	0.0	0.0	0.0	0.0	0.0	0.0	0.0	0.0	0.0	0.0	0.0	0.0	0.0	0.0	0.0	0.0	0.0	0.0	0.0	0.0	0.0	0.0	0.0	0.0	0.0	0.0	0.0	0.0	0.0	0.0	0.0	0.0	0.0	0.0	0.0	0.0	0.0	0.0	0.0	0.0	0.0	0.0	0.0	0.0	0.0	0.0	0.0	0.0	0.0	0.0	0.0	0.0	0.0	0.0	0.0	0.0	0.0	0.0	0.0	0.00437721729001	0.000810126582278	0.0	0.00871648027086	0.000576960061542	0.00037041258263	0.000349714146697	0.000474039103389	0.000480756737091	0.0
k__Bacteria;p__Proteobacteria;c__Epsilonproteobacteria;o__Campylobacterales	0.0	0.0	0.0	0.0	0.0	0.0	0.0	0.0	0.0	0.0	0.0	0.0	0.0	0.0	0.0	0.0	0.0	0.0	0.0	0.0	0.0	0.0	0.0	0.0	0.0	0.0	0.0	0.0	0.0	0.0	0.0	0.0	0.0	0.0	0.0	0.0	0.0	0.0	0.0	0.0	0.0	0.0	0.0	0.0	0.0	0.0	0.0	0.0	0.0	0.0	0.0	0.0	0.0	0.0	0.0	0.0	0.0	0.0	0.0	0.0	0.0	0.0	0.0	0.0	0.0	0.0	0.0	0.0	0.0	0.0	0.0	0.0	0.0	4.57742718076e-05	0.0	0.0	0.0	0.0	0.0	0.0	0.0	0.0	0.0	0.0	0.0	0.0	0.0	3.37552742616e-05	0.0	0.0	0.0	0.0	0.0	5.80456044966e-05	0.000116940827941	0.0076070139247
k__Bacteria;p__Proteobacteria;c__Gammaproteobacteria;__	5.67043435527e-05	3.49357182784e-05	0.0	0.0	0.000728029121165	0.0	0.0	0.0	0.0	0.0	0.0	0.0	0.0	0.0	0.0	0.0	0.0	0.0	0.0	0.0	0.0	0.0	0.0	0.0	0.0	0.0	0.0	0.0	0.0	0.0	0.0	0.0	0.0	0.0	0.0	0.0	0.0	0.0	0.0	0.0	0.0	0.0	0.0	0.0	0.0	0.0	0.0	0.0	0.0	0.0	0.0	0.0	0.0	0.0	0.0	0.0	0.0	0.0	0.0	0.0	0.0	0.0	0.0	0.0	0.0	0.0	0.0	0.0	0.0	0.0	0.0	0.0	0.0	0.0	0.0	0.0	0.0	0.0	0.0	0.0	0.0	0.0	0.0	0.0	0.0	0.0	0.00301816192174	0.00283544303797	0.0	0.00671745277072	0.00300385555851	0.00256439480283	0.00270648339618	0.00392775257094	0.00298848782516	0.0
k__Bacteria;p__Proteobacteria;c__Gammaproteobacteria;o__	0.0	0.0	0.0	0.0	0.0	0.0	0.0	0.0	0.0	0.0	0.0	0.0	0.0	0.0	0.0	0.0	0.0	0.0	0.0	0.0	0.0	0.0	0.0	0.0	0.0	0.0	0.0	0.0	0.0	0.0	0.0	0.0	0.0	0.0	0.0	0.0	0.0	0.0	0.0	0.0	0.0	0.0	0.0	0.0	0.0	0.0	0.0	0.0	0.0	0.0	0.0	0.0	0.0	0.0	0.0	0.0	0.0	0.0	0.0	0.0	0.0	0.0	0.0	0.0	0.0	0.0	0.0	0.0	0.0	0.0	0.0	0.0	0.0	0.0	0.0	0.0	0.0	0.0	0.0	0.0	0.0	0.0	0.0	0.0	0.0	0.0	0.00720122844485	0.00351054852321	0.0	0.00839231364922	0.00939620671655	0.00796387052656	0.00615800997446	0.0102837462633	0.0080039500013	0.0
k__Bacteria;p__Proteobacteria;c__Gammaproteobacteria;o__Alteromonadales	0.0	0.0	0.0	0.0	0.0	0.0	0.0	0.0	0.0	0.0	0.0	0.0	0.0	0.0	0.0	0.0	0.0	0.0	0.0	0.0	0.0	0.0	0.000556541097082	0.0	0.0	0.0	0.0	0.0	0.0	0.000114845324229	0.0	0.0	2.62553331145e-05	0.0	0.0	0.0	0.0	0.0	0.0	0.0	0.0	0.0	0.0	0.0	0.0	0.0	0.0	0.0	0.0	0.0	0.0	0.0	0.0	0.0	0.0	0.0	0.0	0.0	0.0	3.08632449616e-05	0.0	0.0	0.0	0.0	0.0	0.0	0.0	0.0	0.0	0.0	0.0	0.0	0.0	0.0	0.0	0.0	0.0	0.0	0.0	0.0	0.0	0.0	0.0	0.0	0.0	0.0	0.00121785481053	0.00190717299578	0.0	0.00860842473031	0.092918044197	0.0777296558012	0.0218799416129	0.0668975591823	0.0346794521972	0.0
k__Bacteria;p__Proteobacteria;c__Gammaproteobacteria;o__Cardiobacteriales	0.0	0.0	0.0	0.0	0.0	0.0	0.0	0.0	0.0	0.0	0.0	0.0	0.0	0.0	0.0	0.0	0.0	0.0	0.0	0.0	0.0	0.0	0.0	0.0	0.0	0.0	0.0	0.0	0.0	0.0	0.0	0.0	0.0	0.0	0.0	0.0	0.0	0.0	0.0	0.0	0.0	0.0	0.0	0.0	0.0	0.0	0.0	0.0	0.0	0.0	0.0	0.0	0.0	0.0	0.0	0.0	0.0	0.0	0.0	0.0	0.0	0.0	0.0	0.0	0.0	0.0	0.0	0.0	0.0	0.0	0.0	0.0	0.0	0.0	0.0	0.0	0.0	0.0	0.0	0.0	0.0	0.0	0.0	0.0	0.0	0.0	0.0	0.0	0.0	0.0	0.0	0.0	0.0	0.0	0.0	0.00124634691422
k__Bacteria;p__Proteobacteria;c__Gammaproteobacteria;o__Chromatiales	0.0	0.0	0.0	0.0	0.0	0.0	0.0	0.0	0.0	0.0	0.0	0.0	0.0	0.0	0.0	0.0	0.0	0.0	0.0	0.0	0.0	0.0	0.0	0.0	0.0	0.0	0.0	0.0	0.0	0.0	0.0	0.0	0.0	0.0	0.0	0.0	0.0	0.0	0.0	0.0	0.0	0.0	0.0	0.0	0.0	0.0	0.0	0.0	0.0	0.0	0.0	0.0	0.0	0.0	0.0	0.0	0.0	0.0	0.0	0.0	0.0	0.0	0.0	0.0	0.0	0.0	0.0	0.0	0.0	0.0	0.0	0.0	0.0	0.0	0.0	0.0	0.0	0.0	0.0	0.0	0.0	0.0	0.0	0.0	0.0	0.0	0.000670702649275	0.000725738396624	0.0	0.00140472202712	0.000402956233458	0.000299179393663	0.000440943924097	0.000503061905637	0.00032483563317	0.0
k__Bacteria;p__Proteobacteria;c__Gammaproteobacteria;o__Enterobacteriales	0.000151211582807	0.0	8.26815272932e-05	0.000159331515774	0.000936037441498	0.0156488549618	0.0228678123996	0.380737374334	0.625957968867	0.00110879206888	0.534371304691	0.163523770299	0.439203998717	0.409975721376	0.366581125406	0.454406959518	0.524954355851	0.399354307506	0.321935249182	0.377027874469	0.102557385342	0.407301587302	0.589968346725	0.406427483031	0.361134297904	0.382706343084	0.0847807768626	0.000934647284078	0.310209904218	0.174356083148	0.204414372185	0.15296558406	0.15721693469	0.496826717265	0.26965860126	0.411016042781	0.390509553033	0.428154711643	0.0247963939478	0.617242193031	0.366508908686	0.534286358766	0.528715719788	0.466396407138	0.84375	0.386256982299	0.575973005693	0.418658735976	0.421004979629	0.369813187842	0.358925306631	0.641838713357	0.276742526366	0.268565605096	0.148983474548	0.478693547005	0.515754632284	0.461006004721	0.437685410113	0.418289558964	0.0843470093693	0.296613927005	0.192504586948	0.130493707648	0.0997039686237	0.0637958532695	0.00074553919051	0.116865729857	0.0559682206831	0.0328402834328	0.0201632494413	0.00201536184906	0.984676192743	0.896153435359	0.960834616042	0.930656689748	0.911222660452	0.039316771619	0.370859869787	0.369736910926	0.55364246699	0.488178480108	0.449587730166	0.154378659023	0.18	0.000907739614891	0.000723652858429	0.00138396624473	0.288288288288	0.00136870351361	0.000531169580468	0.0	0.000623403478896	0.000541758975302	0.000714638392973	0.000300842358604
k__Bacteria;p__Proteobacteria;c__Gammaproteobacteria;o__HOC36	0.0	0.0	0.0	0.0	0.0	0.0	0.0	0.0	0.0	0.0	0.0	0.0	0.0	0.0	0.0	0.0	0.0	0.0	0.0	0.0	0.0	0.0	0.0	0.0	0.0	0.0	0.0	0.0	0.0	0.0	0.0	0.0	0.0	0.0	0.0	0.0	0.0	0.0	0.0	0.0	0.0	0.0	0.0	0.0	0.0	0.0	0.0	0.0	0.0	0.0	0.0	0.0	0.0	0.0	0.0	0.0	0.0	0.0	0.0	0.0	0.0	0.0	0.0	0.0	0.0	0.0	0.0	0.0	0.0	0.0	0.0	0.0	0.0	0.0	0.0	0.0	0.0	0.0	0.0	0.0	0.0	0.0	0.0	0.0	0.0	0.0	0.0	0.0	0.0	9.00462837899e-05	0.0	0.0	0.0	0.0	0.0	0.0
k__Bacteria;p__Proteobacteria;c__Gammaproteobacteria;o__HTCC2188	0.0	0.0	0.0	0.0	0.0	0.0	0.0	0.0	0.0	0.0	0.0	0.0	0.0	0.0	0.0	0.0	0.0	0.0	0.0	0.0	0.0	0.0	0.0	0.0	0.0	0.0	0.0	0.0	0.0	0.0	0.0	0.0	0.0	0.0	0.0	0.0	0.0	0.0	0.0	0.0	0.0	0.0	0.0	0.0	0.0	0.0	0.0	0.0	0.0	0.0	0.0	0.0	0.0	0.0	0.0	0.0	0.0	0.0	0.0	0.0	0.0	0.0	0.0	0.0	0.0	0.0	0.0	0.0	0.0	0.0	0.0	0.0	0.0	0.0	0.0	0.0	0.0	0.0	0.0	0.0	0.0	0.0	0.0	0.0	0.0	0.0	0.00384771519848	0.00163713080169	0.0	0.00300754587858	0.00151108587547	0.00128219740141	0.00100352755139	0.00128667756634	0.000974506899509	0.0
k__Bacteria;p__Proteobacteria;c__Gammaproteobacteria;o__Legionellales	0.0	0.0	0.0	0.0	0.000104004160166	0.0	0.0	0.0	0.0	0.0	0.0	0.0	0.0	0.0	0.0	0.0	0.0	0.0	0.0	0.0	0.0	0.0	0.0	0.0	0.0	0.0	0.0	0.0	0.0	0.0	0.0	0.0	0.0	0.0	0.0	0.0	0.0	0.0	0.0	0.0	0.0	0.0	0.0	0.0	0.0	0.0	0.0	0.0	0.0	0.0	0.0	0.0	0.0	0.0	0.0	0.0	0.0	0.0	0.0	0.0	0.0	0.0	0.0	0.0	0.0	0.0	0.0	0.0	0.0	0.0	0.0	0.0	0.0	0.0	0.0	0.0	0.0	0.0	0.0	0.0	0.0	0.0	0.0	0.0	0.0	0.0	0.00118255467109	0.00123206751055	0.0	0.000738379527077	0.0	0.0	0.0	1.93485348322e-05	0.0	0.0
k__Bacteria;p__Proteobacteria;c__Gammaproteobacteria;o__Oceanospirillales	9.45072392545e-05	0.0020961430967	0.00307575281531	0.0013100591297	0.0	0.0	0.0	0.0	0.0	0.0	0.0	0.0	0.0	0.0	0.0	0.0	0.0	0.0	0.0	0.0	0.0	0.0	0.0	0.0	0.0	0.0	0.0	0.0	0.0	0.0	0.0	0.0	0.0	0.0	0.0	0.0	0.0	0.0	0.0	0.0	0.0	0.0	0.0	0.0	0.0	0.0	0.0	0.0	0.0	0.0	0.0	0.0	0.0	0.0	0.0	0.0	0.0	0.0	0.0	0.0	0.0	0.0	0.0	0.0	0.0	0.0	3.31350751338e-05	0.0	0.0	0.0	0.0	0.0	0.0	0.0	0.0	0.0	0.0	0.0	0.0	0.0	0.0	0.0	0.0	0.0	0.01	0.0	0.0	0.000253164556962	0.0	0.000378194391917	0.00106233916094	0.000954524732163	0.000592993553096	0.00111254075285	0.000272861931862	0.0
k__Bacteria;p__Proteobacteria;c__Gammaproteobacteria;o__Pasteurellales	0.0	0.0	0.0	0.0	0.0	0.0	0.0	0.0	0.0	0.0	0.0	0.000102965403624	0.0	0.0	0.0	0.0	5.3307035196e-05	0.0	0.0	0.0	0.0	0.0	0.0	0.0	0.0	0.0	0.0	0.0	0.0	0.0	0.0	0.0	0.0	0.0	0.0	0.0	0.0	0.0	0.0	0.0	0.0	0.0	0.0	0.0	0.0	0.0	0.0	0.0	0.0	0.0	0.0	0.0	0.0	0.0	0.0	0.0	0.0	0.0	0.0	0.0	0.0	0.0	0.0	0.0	0.0	0.0	0.0	0.0	0.0	0.0	0.0	0.0	0.0	0.000396710355666	0.0	0.0	0.0	0.0	0.0	0.0	0.0	3.63552636363e-05	0.0	0.0	0.0	5.67337259307e-05	0.0	0.0	0.0	0.0	0.0	0.0	0.0	0.0	0.0	0.146144920062
k__Bacteria;p__Proteobacteria;c__Gammaproteobacteria;o__Pseudomonadales	0.000283521717764	0.0	0.0	0.0	0.0015600624025	0.00381679389313	0.0	0.0	0.0	0.0	0.0	0.0	0.0	0.0	0.0	0.0	0.0	0.0	0.0	0.0	0.0	0.0	0.0	0.0	0.0	0.0	0.0	0.0	0.0	0.0	0.0	0.0	0.0	0.0	0.0	0.0	0.0	0.0	0.0	0.0	0.0	0.0	0.0	0.0	0.0	0.0	0.0	0.0	0.0	0.0	0.0	0.0	0.0	0.0	0.0	0.0	0.0	0.0	0.0	0.0	0.0	0.0	0.0	0.0	0.0	0.0	0.0	0.0	0.0	0.0	0.0	0.0	0.0	0.0	0.0	0.0	0.0	0.0	0.0	0.0	0.0	0.0	0.0	0.0	0.3	0.0	0.0	0.000185654008439	0.13963963964	0.00018009256758	0.0	0.0	0.0	0.0	0.0	0.000236376138903
k__Bacteria;p__Proteobacteria;c__Gammaproteobacteria;o__Thiohalorhabdales	0.0	0.0	0.0	0.0	0.0	0.0	0.0	0.0	0.0	0.0	0.0	0.0	0.0	0.0	0.0	0.0	0.0	0.0	0.0	0.0	0.0	0.0	0.0	0.0	0.0	0.0	0.0	0.0	0.0	0.0	0.0	0.0	0.0	0.0	0.0	0.0	0.0	0.0	0.0	0.0	0.0	0.0	0.0	0.0	0.0	0.0	0.0	0.0	0.0	0.0	0.0	0.0	0.0	0.0	0.0	0.0	0.0	0.0	0.0	0.0	0.0	0.0	0.0	0.0	0.0	0.0	0.0	0.0	0.0	0.0	0.0	0.0	0.0	0.0	0.0	0.0	0.0	0.0	0.0	0.0	0.0	0.0	0.0	0.0	0.0	0.0	0.00204740808726	0.00064135021097	0.0	0.000792407297351	0.0020788878408	0.00138192386597	0.000851477922394	0.00125765476409	0.000857566071568	0.0
k__Bacteria;p__Proteobacteria;c__Gammaproteobacteria;o__Thiotrichales	0.000434733300571	0.0038778647289	0.00395217700461	0.00270863576815	0.0	0.0	0.0	0.0	0.0	0.0	0.0	0.0	0.0	0.0	0.0	0.0	0.0	0.0	0.0	0.0	0.0	0.0	0.0	0.0	0.0	0.0	0.0	0.0	0.0	0.0	0.0	0.0	0.0	0.0	0.0	0.0	0.0	0.0	0.0	0.0	0.0	0.0	0.0	0.0	0.0	0.0	0.0	0.0	0.0	0.0	0.0	0.0	0.0	0.0	0.0	0.0	0.0	0.0	0.0	0.0	0.0	0.0	0.0	0.0	0.0	0.0	3.31350751338e-05	0.0	0.0	0.0	0.0	0.0	0.0	0.0	0.0	0.0	0.0	0.0	0.0	0.0	0.0	0.0	0.0	0.0	0.0	0.0	0.000847203346453	0.00170464135021	0.0	0.00646532317611	0.00611760827159	0.00487235012537	0.00316263228318	0.00465332262714	0.00314440892908	0.0
k__Bacteria;p__Proteobacteria;c__Gammaproteobacteria;o__Vibrionales	0.0114731788455	0.00999161542761	0.0158748532403	0.0189073398718	0.000832033281331	0.0	0.0	0.0	0.0	0.0	0.0	0.0	0.0	0.0	0.0	0.0	0.0	0.0	0.0	0.0	0.0	0.0	0.000104351455703	0.0	0.0	0.0	0.0	0.0	0.0	0.0	0.0	0.0	0.0	0.0	3.97746105403e-05	0.0	0.0	0.0	0.0	0.0	0.0	0.0	0.0	0.0	0.0	0.0	0.0	0.0	0.0	0.0	0.0	0.0	0.0	0.0	0.0	0.0	0.0	0.0	0.0	0.0	0.0	0.0	0.0	0.0	0.0	0.0	0.0	0.0	0.0	0.0	0.0	0.0	0.0	0.0	0.0	0.0	0.0	0.0	0.0	5.23039907945e-05	0.0	0.0	0.0	0.0	0.0	0.0	0.000176500697178	0.000168776371308	0.0	0.00547481405442	0.0121527936773	0.00974470025074	0.00865162389004	0.0811767778885	0.0580156440841	0.0
k__Bacteria;p__Proteobacteria;c__Gammaproteobacteria;o__Xanthomonadales	0.0	0.0	0.0	0.0	0.0928237129485	0.00139949109415	0.0	0.0	0.0	0.0	0.0	0.0	0.0	0.0	0.0	0.0	0.0	0.0	0.0	0.0	0.0	0.0	0.0	0.0	0.0	0.0	0.0	0.0	0.0	0.0	0.0	0.0	0.0	0.0	0.0	0.0	0.0	0.0	0.0	0.0	0.0	0.0	0.0	0.0	0.0	0.0	0.0	0.0	0.0	0.0	0.0	0.0	0.0	0.0	0.0	0.0	5.40838732707e-05	0.0	0.0	0.0	0.0	0.0	3.39773937074e-05	0.0	0.0	0.0	0.0	0.0	0.0	0.0	0.0	0.0	0.0	0.0	0.0	0.0	0.0	0.0	0.0	0.0	0.0	0.0	0.0	0.0	0.0	0.0	0.0	0.0	0.0	0.0	4.57904810748e-05	0.0	0.00244799902688	0.000241856685402	0.000155921103921	0.0
k__Bacteria;p__Proteobacteria;c__Gammaproteobacteria;o__[Marinicellales]	0.0	0.0	0.0	0.0	0.0	0.0	0.0	0.0	0.0	0.0	0.0	0.0	0.0	0.0	0.0	0.0	0.0	0.0	0.0	0.0	0.0	0.0	0.0	0.0	0.0	0.0	0.0	0.0	0.0	0.0	0.0	0.0	0.0	0.0	0.0	0.0	0.0	0.0	0.0	0.0	0.0	0.0	0.0	0.0	0.0	0.0	0.0	0.0	0.0	0.0	0.0	0.0	0.0	0.0	0.0	0.0	0.0	0.0	0.0	0.0	0.0	0.0	0.0	0.0	0.0	0.0	0.0	0.0	0.0	0.0	0.0	0.0	0.0	0.0	0.0	0.0	0.0	0.0	0.0	0.0	0.0	0.0	0.0	0.0	0.0	0.0	5.29502091533e-05	0.000118143459916	0.0	0.000108055540548	7.32647697197e-05	4.27399133804e-05	0.0	0.0	0.000103947402614	0.0
k__Bacteria;p__Proteobacteria;c__TA18;o__CV90	0.0	0.0	0.0	0.0	0.0	0.0	0.0	0.0	0.0	0.0	0.0	0.0	0.0	0.0	0.0	0.0	0.0	0.0	0.0	0.0	0.0	0.0	0.0	0.0	0.0	0.0	0.0	0.0	0.0	0.0	0.0	0.0	0.0	0.0	0.0	0.0	0.0	0.0	0.0	0.0	0.0	0.0	0.0	0.0	0.0	0.0	0.0	0.0	0.0	0.0	0.0	0.0	0.0	0.0	0.0	0.0	0.0	0.0	0.0	0.0	0.0	0.0	0.0	0.0	0.0	0.0	0.0	0.0	0.0	0.0	0.0	0.0	0.0	0.0	0.0	0.0	0.0	0.0	0.0	0.0	0.0	0.0	0.0	0.0	0.0	0.0	0.00187090739008	0.000455696202532	0.0	0.000432222162191	0.00010989715458	8.54798267609e-05	0.000273689332198	0.000435342033724	0.000610690990359	0.0
k__Bacteria;p__Proteobacteria;c__TA18;o__PHOS-HD29	0.0	0.0	0.0	0.0	0.0	0.0	0.0	0.0	0.0	0.0	0.0	0.0	0.0	0.0	0.0	0.0	0.0	0.0	0.0	0.0	0.0	0.0	0.0	0.0	0.0	0.0	0.0	0.0	0.0	0.0	0.0	0.0	0.0	0.0	0.0	0.0	0.0	0.0	0.0	0.0	0.0	0.0	0.0	0.0	0.0	0.0	0.0	0.0	0.0	0.0	0.0	0.0	0.0	0.0	0.0	0.0	0.0	0.0	0.0	0.0	0.0	0.0	0.0	0.0	0.0	0.0	0.0	0.0	0.0	0.0	0.0	0.0	0.0	0.0	0.0	0.0	0.0	0.0	0.0	0.0	0.0	0.0	0.0	0.0	0.0	0.0	0.00171205676262	0.000455696202532	0.0	0.00018009256758	0.000393798137243	0.000270686118076	0.0	8.70684067449e-05	0.0	0.0
k__Bacteria;p__SR1;c__;o__	0.0	0.0	0.0	0.0	0.0	0.0	0.0	0.0	0.0	0.0	0.0	0.0	0.0	0.0	0.0	0.0	0.0	0.0	0.0	0.0	0.0	0.0	0.0	0.0	0.0	0.0	0.0	0.0	0.0	0.0	0.0	0.0	0.0	0.0	0.0	0.0	0.0	0.0	0.0	0.0	0.0	0.0	0.0	0.0	0.0	0.0	0.0	0.0	0.0	0.0	0.0	0.0	0.0	0.0	0.0	0.0	0.0	0.0	0.0	0.0	0.0	0.0	0.0	0.0	0.0	0.0	0.0	0.0	0.0	0.0	0.0	0.0	0.0	0.0	0.0	0.0	0.0	0.0	0.0	0.0	0.0	0.0	0.0	0.0	0.0	0.0	0.00137670543799	0.000472573839662	0.0	0.00399805500027	7.32647697197e-05	8.54798267609e-05	0.0	0.00022250815057	0.0	0.00111741447482
k__Bacteria;p__Spirochaetes;c__Spirochaetes;o__Spirochaetales	0.000132310134956	0.000157210732253	4.96089163759e-05	3.54070035053e-05	0.000988039521581	0.0	0.0	0.0	0.0	0.0	0.0	0.0	0.0	0.0	0.0	0.0	0.0	0.0	0.0	0.0	0.0	0.0	0.0	0.0	0.0	0.0	0.0	0.0	0.0	0.0	0.0	0.0	0.0	0.0	0.0	0.0	0.0	0.0	0.0	0.0	0.0	0.0	0.0	0.0	0.0	0.0	0.0	0.0	0.0	0.0	0.0	0.0	0.0	0.0	0.0	0.0	0.0	0.0	0.0	0.0	0.0	0.0	0.0	0.0	0.0	0.0	0.0	0.0	0.0	0.0	0.0	0.0	0.0	0.0	0.0	0.0	0.0	0.0	0.0	0.0	0.0	0.0	0.0	0.0	0.0	0.0	0.0	0.0	0.0	0.0	4.57904810748e-05	0.0	0.0	0.0	0.0	0.000386797318205
k__Bacteria;p__Spirochaetes;c__[Brachyspirae];o__[Brachyspirales]	0.00529240539825	0.00330142537731	0.00337340631356	0.00116843111567	0.0488299531981	0.0	0.0	0.0	0.0	0.0	0.0	0.0	0.0	0.0	0.0	0.0	0.0	0.0	0.0	0.0	0.0	0.0	0.0	0.0	0.0	0.0	0.0	0.0	0.0	0.0	0.0	0.0	0.0	0.0	3.97746105403e-05	0.0	0.0	0.0	0.0	0.0	0.0	0.0	0.0	0.0	0.0	0.0	0.0	0.0	0.0	0.0	0.0	0.0	0.0	0.0	0.0	0.0	6.49006479248e-05	0.0	0.0	0.0	0.0	0.0	0.0	0.0	0.0	0.0	4.97026127007e-05	0.0	0.0	0.0	0.0	0.0	0.0	0.0	0.0	0.0	0.0	0.0	0.0	2.09215963178e-05	0.0	0.0	0.0	0.0	0.0	0.0	0.0	0.0	0.0	0.0	0.0	0.0	0.0	0.0	0.0	0.0
k__Bacteria;p__Synergistetes;c__Synergistia;o__Synergistales	0.0	0.0	0.0	0.0	0.0	0.0	0.0	0.0	0.0	0.0	0.0	0.0	0.0	0.0	0.0	0.0	0.0	0.0	0.0	0.0	0.0	0.0	0.0	0.0	0.0	0.0	0.0	0.0	0.0	0.0	0.0	0.0	0.0	0.0	0.0	0.0	8.69247752995e-05	0.000252223404139	0.0	0.0	6.32719173922e-05	0.0	0.0	0.0137911847701	0.0	0.0	0.0	0.0	0.0	0.0	0.0	0.0	0.0	0.0	0.0	0.0	0.0	0.0	0.0	0.0	0.0	0.0	0.0	0.0	0.0	0.0	0.0	0.0	0.0	0.0	0.0	0.0	0.0	0.0	0.0	0.0	0.0	0.0	0.0	0.0	0.0	0.0	7.47639594993e-05	0.0	0.0	0.0	0.0	0.0	0.0	0.0	0.0	0.0	0.0	0.0	0.0	6.44662197009e-05
k__Bacteria;p__TM7;c__;o__	0.0	0.0	0.0	0.0	0.0	0.0	0.0	0.0	0.0	0.0	0.0	0.0	0.0	0.0	0.0	0.0	0.0	0.0	0.0	0.0	0.0	0.0	0.0	0.0	0.0	0.0	0.0	0.0	0.0	0.0	0.0	0.0	0.0	0.0	0.0	0.0	0.0	0.0	0.0	0.0	0.0	0.0	0.0	0.0	0.0	0.0	0.0	0.0	0.0	0.0	0.0	0.0	0.0	0.0	0.0	0.0	0.0	0.0	0.0	0.0	0.0	0.0	0.0	0.0	0.0	0.0	0.0	0.0	0.0	0.0	0.0	0.0	0.0	0.0	0.0	0.0	0.0	0.0	0.0	0.0	0.0	0.0	0.0	0.0	0.0	0.0	0.00190620752952	0.0	0.0	0.00284546256776	0.0	4.27399133804e-05	0.0	0.0	0.0	0.0
k__Bacteria;p__TM7;c__TM7-1;o__	0.0	0.0	0.0	0.0	0.0	0.0	0.0	0.0	0.0	0.0	0.0	0.0	0.0	0.0	0.0	0.0	0.0	0.0	0.0	0.0	0.0	0.0	0.0	0.0	0.0	0.0	0.0	0.0	0.0	0.0	0.0	0.0	0.0	0.0	0.0	0.0	0.0	0.0	0.0	0.0	0.0	0.0	0.0	0.0	0.0	0.0	0.0	0.0	0.0	0.0	0.0	0.0	0.0	0.0	0.0	0.0	0.0	0.0	0.0	0.0	0.0	0.0	0.0	0.0	0.0	0.0	0.0	0.0	0.0	0.0	0.0	0.0	0.0	0.0	0.0	0.0	0.0	0.0	0.0	0.0	0.0	0.0	0.0	0.0	0.0	0.0	0.000211800836613	0.0	0.0	0.00027013885137	0.0	0.0	0.0	0.0	0.0	0.0
k__Bacteria;p__TM7;c__TM7-3;o__	0.0	0.0	0.0	0.0	0.0	0.0	0.0	0.0	0.0	0.0	0.0	0.0	0.0	0.0	0.0	0.0	0.0	0.0	0.0	0.0	0.0	0.0	0.0	0.0	0.0	0.0	0.0	0.0	0.0	0.0	0.0	0.0	0.0	0.0	0.0	0.0	0.0	0.0	0.0	0.0	0.0	0.0	0.0	0.0	0.0	0.0	0.0	0.0	0.0	0.0	0.0	0.0	0.0	0.0	0.0	0.0	0.0	0.0	0.0	0.0	0.0	0.0	0.0	0.0	0.0	0.0	0.0	0.0	0.0	0.0	0.0	0.0	0.0	0.0	0.0	0.0	0.0	0.0	0.0	0.0	0.0	0.0	0.0	0.0	0.0	0.0	0.0	0.0	0.0	0.0	0.0	0.0	0.0	0.0	0.0	0.000623173457108
k__Bacteria;p__TM7;c__TM7-3;o__CW040	0.0	0.0	0.0	0.0	0.0	0.0	0.0	0.0	0.0	0.0	0.0	0.0	0.0	0.0	0.0	0.0	0.0	0.0	0.0	0.0	0.0	0.0	0.0	0.0	0.0	0.0	0.0	0.0	0.0	0.0	0.0	0.0	0.0	0.0	0.0	0.0	0.0	0.0	0.0	0.0	0.0	0.0	0.0	0.0	0.0	0.0	0.0	0.0	0.0	0.0	0.0	0.0	0.0	0.0	0.0	0.0	0.0	0.0	0.0	0.0	0.0	0.0	0.0	0.0	0.0	0.0	0.0	0.0	0.0	0.0	0.0	0.0	0.0	0.0	0.0	0.0	0.0	0.0	0.0	0.0	0.0	0.0	0.0	0.0	0.0	0.0	0.0	0.0	0.0	0.0	0.0	0.0	0.0	0.0	0.0	0.000558707237408
k__Bacteria;p__Tenericutes;c__Mollicutes;o__	0.0	0.0	0.0	0.0	0.0	0.0	0.0	0.0	0.0	0.0	0.0	0.0	0.0	0.0	0.0	0.0	0.0	0.0	0.0	0.0	0.0	0.0	0.0	0.0	0.0	0.0	0.0	0.0	0.0	0.0	0.0	0.0	0.0	0.0	0.0	0.0	0.0	0.0	0.0	0.0	0.0	0.0	0.0	0.0	0.0	0.0	0.0	0.0	0.0	0.0	0.0	0.0	0.0	0.0	0.0	0.0	0.0	0.0	0.0	0.0	0.0	0.0	0.0	0.0	0.0	0.0	0.0	0.0	0.0	0.0	0.0	0.0	0.0	0.0	0.0	0.0	0.0	0.0	0.0	0.0	0.0	0.0	0.0	0.0	0.0	0.0	0.0	0.0	0.0	9.00462837899e-05	0.0	0.0	0.0	0.0	0.0	0.0
k__Bacteria;p__Tenericutes;c__Mollicutes;o__Mycoplasmatales	0.969719880543	0.943124650643	0.858713806161	0.800127465213	0.521944877795	0.0	0.0	1.96738082591e-05	0.0	0.0	0.0	0.0	0.0	0.0	0.0	0.0	0.0	0.0	0.0	0.0	0.0	0.0	8.6959546419e-05	0.0	0.0	0.0	0.00362880208758	0.0	0.0	3.13214520625e-05	5.09507408238e-05	0.0	0.0	0.0	0.00342061650646	0.0	0.0	0.0	0.0	0.0	0.00102500506175	0.0	0.0	0.0	0.0	0.0	0.00106895397058	0.0	0.0	0.0	0.0	0.000896217960208	3.39839369258e-05	0.0	0.0	0.0	0.000389403887549	2.44591471095e-05	0.0	5.14387416026e-05	0.0	0.0	0.000181212766439	0.0	0.0	0.0	0.00482115343197	0.0	0.0	4.86162597081e-05	0.0	0.0	0.0	0.0	0.0	0.0	0.0	0.0	0.0	0.00330561221821	0.0	0.0	0.0	0.0	0.0	0.000590030749679	0.000211800836613	0.00415189873418	0.0	0.260611954545	0.0322181824842	0.0265842261226	0.00737440700645	0.00346338773496	0.000818585795587	6.44662197009e-05
k__Bacteria;p__Tenericutes;c__Mollicutes;o__RF39	0.0	0.0	0.0	0.0	0.0	0.0	0.0	0.0	0.0	0.0	0.0	0.0	0.0	0.0	0.0	0.0	0.0	0.0	0.0	0.0	0.0	0.0	0.0	0.0	0.0	0.0	0.0	0.0	0.0	0.0	0.0	0.0	0.0	0.0	0.0	0.0	0.0	0.0	0.0	0.0	0.0	0.0	0.0	0.0	0.0	0.0	0.0	0.0	0.0	0.0	0.0	0.0	0.0	0.0	0.0	0.0	0.0	0.0	0.0	0.0	0.0	0.0	0.0	0.0	0.0	0.0	0.0	0.0	0.0	0.0	0.0	0.0	0.0	0.0	0.0	0.0	0.0	0.0	0.0	0.0	0.0	0.0	0.0	0.0	0.0	0.0	0.0	0.0	0.0	0.0	0.0	0.0	0.0	0.0	0.0	6.44662197009e-05
k__Bacteria;p__Verrucomicrobia;c__Opitutae;__	0.0	0.0	0.0	0.0	0.0	0.0	0.0	0.0	0.0	0.0	0.0	0.0	0.0	0.0	0.0	0.0	0.0	0.0	0.0	0.0	0.0	0.0	0.0	0.0	0.0	0.0	0.0	0.0	0.0	0.0	0.0	0.0	0.0	0.0	0.0	0.0	0.0	0.0	0.0	0.0	0.0	0.0	0.0	0.0	0.0	0.0	0.0	0.0	0.0	0.0	0.0	0.0	0.0	0.0	0.0	0.0	0.0	0.0	0.0	0.0	0.0	0.0	0.0	0.0	0.0	0.0	0.0	0.0	0.0	0.0	0.0	0.0	0.0	0.0	0.0	0.0	0.0	0.0	0.0	0.0	0.0	0.0	0.0	0.0	0.0	0.0	0.0	0.0	0.0	7.20370270319e-05	0.0	0.0	0.0	0.0	0.0	0.0
k__Bacteria;p__Verrucomicrobia;c__Opitutae;o__[Cerasicoccales]	0.0	0.0	0.0	0.0	0.0	0.0	0.0	0.0	0.0	6.5223062875e-05	0.0	0.0	0.0	0.0	0.0	0.0	0.0	0.0	0.0	0.0	2.71005158132e-05	0.0	0.0	0.0	0.0	0.0	0.0	0.000208707645959	0.0	0.0	0.0	0.0	0.0	0.0	0.0	0.0	0.0	0.0	0.0	0.0	0.0	0.0	0.0	0.0	0.0	0.0	0.0	0.0	0.0	0.0	0.0	0.0	0.0	0.0	0.0	0.0	0.0	0.0	0.0	0.0	0.0	0.0	0.0	0.0	0.0	0.0	0.0	0.0	0.0	0.0	0.0	0.0	0.0	0.0	0.0	0.0	0.0	5.76661361382e-05	0.0	0.0	0.0	0.0	0.0	6.76031962791e-05	0.0	0.00103255381194	0.0	0.0	0.0	0.0	0.0	0.0	0.0	0.0	0.0	0.0
k__Bacteria;p__Verrucomicrobia;c__Verruco-5;o__WCHB1-41	0.0	0.0	0.0	0.0	0.0	0.0	0.0	0.0	0.0	0.0	0.0	0.0	0.0	0.0	0.0	0.0	0.0	0.0	0.0	0.0	0.0	0.0	0.0	0.0	0.0	0.0	0.0	0.0	0.0	0.0	0.0	0.0	0.0	0.0	0.0	0.0	0.0	0.0	0.0	0.0	0.0	0.0	0.0	0.0	0.0	0.0	0.0	0.0	0.0	0.0	0.0	0.0	0.0	0.0	0.0	0.0	0.0	0.0	0.0	0.0	0.0	0.0	0.0	0.0	0.0	0.0	0.0	0.0	0.0	0.0	0.0	0.0	0.0	0.0	0.0	0.0	0.0	0.0	0.0	0.0	0.0	0.0	0.0	0.0	0.0	0.0	0.0	0.0	0.0	0.0	4.57904810748e-05	0.0	0.0	2.90228022483e-05	3.89802759804e-05	0.0
k__Bacteria;p__Verrucomicrobia;c__Verrucomicrobiae;o__Verrucomicrobiales	0.0	0.0	0.0	0.0	0.00015600624025	0.0	0.0	0.0	0.0	0.0	0.0	0.0	0.0	0.0	0.0	0.0	0.0	0.0	0.0	0.0	0.0	0.0	0.0	0.0	0.0	0.0	0.0	0.0	0.0	0.0	0.0	0.0	0.0	0.0	0.0	0.0	0.0	0.0	0.0	0.0	0.0	0.0	0.0	0.0	0.0	0.0	0.0	0.0	0.0	0.0	0.0	0.0	0.0	0.0	0.0	0.0	0.0	0.0	0.0	0.0	0.0	0.0	0.0	0.0	0.0	0.0	0.0	0.0	0.0	0.0	0.0	0.0	0.0	0.0	0.0	0.0	0.0	0.0	0.0	0.0	0.0	0.0	0.0	0.0	0.0	0.0	0.00833083290679	0.00405063291139	0.0135135135135	0.0106794892575	0.00217046880295	0.00116822429907	0.00104914244009	0.00139309450792	0.000649671266339	0.0
k__Bacteria;p__[Thermi];c__Deinococci;o__Deinococcales	0.0	0.0	0.0	0.0	0.0	0.0	0.0	0.0	0.0	0.0	0.0	0.0	0.0	0.0	0.0	0.0	0.0	0.0	0.0	0.0	0.0	0.0	0.0	0.0	0.0	0.0	0.0	0.0	0.0	0.0	0.0	0.0	0.0	0.0	0.0	0.0	0.0	0.0	0.0	0.0	0.0	0.0	0.0	0.0	0.0	0.0	0.0	0.0	0.0	0.0	0.0	0.0	0.0	0.0	0.0	0.0	0.0	0.0	0.0	0.0	0.0	0.0	0.0	0.0	0.0	0.0	0.0	0.0	0.0	0.0	0.0	0.0	0.0	0.0	0.0	0.0	0.0	0.0	0.0	0.0	0.0	0.0	0.0	0.0	0.0	0.0	0.000758952997864	0.000472573839662	0.0	0.00223314783799	0.00308627842444	0.00226521540916	0.00104914244009	0.00121895769443	0.00118240170474	0.0